5, 539.406285, 14.000000, 16, 0.05
5 5 6 7 7 8 10 11 14 217 
5, 548.438994, 14.000000, 16, 0.05
5 5 6 7 7 8 9 11 14 212 
5, 553.367797, 14.000000, 16, 0.05
5 5 6 6 7 8 9 11 14 224 
5, 560.069820, 14.000000, 16, 0.05
5 5 6 6 7 8 9 11 14 210 
5, 527.112688, 15.000000, 16, 0.05
5 5 6 7 8 9 10 12 15 310 
10, 756.223026, 19.000000, 16, 0.05
7 8 9 11 12 13 14 16 19 245 
10, 753.313193, 20.000000, 16, 0.05
6 8 9 10 12 13 15 16 20 234 
10, 713.141112, 21.000000, 16, 0.05
7 8 10 11 12 14 15 17 21 239 
10, 754.807977, 19.000000, 16, 0.05
7 8 9 10 12 13 14 16 19 230 
10, 170.703018, 73.000000, 16, 0.05
8 10 11 14 17 24 37 52 73 4573 
15, 850.158290, 25.000000, 16, 0.05
9 11 13 14 16 17 19 22 25 429 
15, 837.142048, 26.000000, 16, 0.05
10 12 13 15 16 18 20 22 26 263 
15, 853.637133, 25.000000, 16, 0.05
9 11 13 14 16 17 19 21 25 271 
15, 375.851607, 51.000000, 16, 0.05
11 13 14 16 18 20 23 29 51 4528 
15, 639.135314, 34.000000, 16, 0.05
10 12 14 15 17 18 20 24 34 2082 
20, 349.212355, 75.000000, 16, 0.05
13 16 18 20 22 26 32 44 75 4619 
20, 123.867439, 136.000000, 16, 0.05
25 34 41 49 59 69 82 100 136 16490 
20, 920.019969, 29.000000, 16, 0.05
13 15 16 18 20 21 23 26 29 461 
20, 224.700429, 99.000000, 16, 0.05
14 17 20 24 30 41 55 73 99 6949 
20, 255.328414, 93.000000, 16, 0.05
14 16 19 22 27 36 50 67 93 4233 
25, 241.837999, 124.000000, 16, 0.05
19 23 27 33 43 56 71 90 124 8197 
25, 947.164718, 35.000000, 16, 0.05
16 18 21 23 24 26 28 31 35 334 
25, 170.754955, 184.000000, 16, 0.05
28 39 49 58 71 82 96 124 184 6699 
25, 321.910894, 100.000000, 16, 0.05
19 23 26 28 32 37 49 68 100 4613 
25, 956.270253, 35.000000, 16, 0.05
16 18 20 22 24 26 28 31 35 342 
30, 227.480294, 155.000000, 16, 0.05
23 28 33 41 53 67 83 105 155 12189 
30, 236.799422, 152.000000, 16, 0.05
12 21 28 36 50 67 84 104 152 6682 
30, 238.429955, 168.000000, 16, 0.05
21 27 32 41 54 69 88 112 168 6096 
30, 171.078999, 175.000000, 16, 0.05
30 41 51 62 73 86 101 126 175 8556 
30, 914.223662, 43.000000, 16, 0.05
19 22 24 26 28 31 33 37 43 364 
35, 185.325285, 234.000000, 16, 0.05
32 44 60 75 90 109 133 165 234 5077 
35, 241.321808, 180.000000, 16, 0.05
28 33 40 49 64 78 98 126 180 4863 
35, 383.560769, 134.000000, 16, 0.05
24 28 32 35 39 44 55 87 134 7448 
35, 398.050598, 138.000000, 16, 0.05
25 29 32 36 40 47 63 91 138 2853 
35, 341.226161, 152.000000, 16, 0.05
25 29 32 35 40 53 77 107 152 4296 
40, 985.000022, 53.000000, 16, 0.05
26 30 32 35 38 40 43 47 53 439 
40, 654.923045, 77.000000, 16, 0.05
28 31 34 37 40 43 47 54 77 2756 
40, 300.519747, 200.000000, 16, 0.05
29 34 39 45 58 84 106 137 200 4081 
40, 207.258285, 226.000000, 16, 0.05
42 56 69 80 92 109 130 160 226 6668 
40, 738.664432, 70.000000, 16, 0.05
27 30 33 35 38 41 46 52 70 2185 
45, 921.447120, 64.000000, 16, 0.05
31 36 39 41 44 48 51 55 64 404 
45, 899.440982, 65.000000, 16, 0.05
32 37 40 43 46 49 53 58 65 519 
45, 224.835205, 267.000000, 16, 0.05
37 46 58 73 91 111 137 179 267 8541 
45, 230.888795, 247.000000, 16, 0.05
39 48 59 72 91 113 137 172 247 4521 
45, 404.347050, 170.000000, 16, 0.05
33 37 41 45 51 60 86 124 170 4792 
50, 213.044684, 363.000000, 16, 0.05
55 75 92 108 128 149 178 222 363 6719 
50, 223.998457, 288.000000, 16, 0.05
45 59 78 93 111 129 151 189 288 6728 
50, 234.495780, 305.000000, 16, 0.05
44 56 71 88 108 130 158 196 305 5186 
50, 221.236871, 268.000000, 16, 0.05
53 70 83 96 111 130 152 183 268 10689 
50, 258.686106, 262.000000, 16, 0.05
40 47 54 66 83 105 131 177 262 5092 
55, 179.662431, 542.000000, 16, 0.05
74 91 106 125 146 168 205 265 542 11334 
55, 223.698416, 391.000000, 16, 0.05
64 80 96 111 129 151 176 223 391 5014 
55, 381.711864, 236.000000, 16, 0.05
41 47 51 55 61 73 102 142 236 3049 
55, 775.818756, 104.000000, 16, 0.05
42 47 52 55 60 65 70 80 104 552 
55, 226.517526, 352.000000, 16, 0.05
54 68 82 97 116 138 162 205 352 6716 
60, 210.087172, 399.000000, 16, 0.05
56 73 90 109 125 146 173 214 399 14743 
60, 556.260231, 185.000000, 16, 0.05
48 54 58 62 66 72 81 102 185 3111 
60, 222.568991, 442.000000, 16, 0.05
59 78 94 109 129 152 182 234 442 10834 
60, 194.273421, 589.000000, 16, 0.05
75 97 117 136 159 182 222 287 589 4984 
65, 326.406114, 369.000000, 16, 0.05
50 58 65 74 91 121 163 233 369 2903 
65, 287.668625, 359.000000, 16, 0.05
62 73 83 97 121 151 188 242 359 4835 
65, 213.524245, 607.000000, 16, 0.05
74 92 110 128 150 174 219 289 607 4694 
65, 182.322695, 549.000000, 16, 0.05
71 93 109 128 147 171 208 295 549 10999 
65, 199.259415, 668.000000, 16, 0.05
80 97 118 140 168 199 240 317 668 5448 
70, 204.078202, 652.000000, 16, 0.05
75 96 119 140 158 182 220 285 652 7615 
70, 219.069901, 677.000000, 16, 0.05
65 80 100 122 149 179 220 315 677 6275 
70, 221.576782, 657.000000, 16, 0.05
67 89 111 132 157 191 240 308 657 6819 
70, 198.891380, 668.000000, 16, 0.05
67 90 119 150 181 213 269 358 668 7144 
70, 206.951746, 663.000000, 16, 0.05
85 107 130 150 170 203 251 385 663 6929 
75, 235.341592, 630.000000, 16, 0.05
61 78 107 138 169 205 253 328 630 6546 
75, 174.599938, 875.000000, 16, 0.05
108 138 163 193 223 277 368 494 875 4345 
75, 234.549358, 656.000000, 16, 0.05
52 69 96 123 154 202 253 321 656 6467 
75, 199.609136, 737.000000, 16, 0.05
87 117 140 159 188 222 278 394 737 5120 
75, 206.701463, 669.000000, 16, 0.05
78 101 126 151 176 210 254 330 669 6663 
80, 223.070558, 725.000000, 16, 0.05
76 95 118 145 176 216 264 374 725 7052 
80, 211.504896, 793.000000, 16, 0.05
101 128 160 188 220 256 298 383 793 8313 
80, 817.477973, 121.000000, 16, 0.05
68 76 80 85 89 95 101 108 121 749 
80, 201.402873, 765.000000, 16, 0.05
92 125 154 181 211 257 300 410 765 5006 
80, 204.650014, 814.000000, 16, 0.05
85 111 136 159 184 224 284 453 814 7013 
85, 179.364586, 886.000000, 16, 0.05
112 149 187 217 253 295 353 502 886 7186 
85, 268.808082, 677.000000, 16, 0.05
26 52 83 116 162 191 237 332 677 5015 
90, 194.289766, 940.000000, 16, 0.05
112 151 182 207 243 284 345 499 940 9051 
90, 210.828161, 877.000000, 16, 0.05
107 144 179 208 249 294 351 489 877 5199 
90, 161.818946, 1113.000000, 16, 0.05
113 149 177 212 263 350 434 632 1113 8822 
90, 241.445493, 835.000000, 16, 0.05
77 108 136 169 204 249 324 414 835 5015 
90, 188.525552, 961.000000, 16, 0.05
113 142 171 201 247 299 379 559 961 5357 
5, 536.597977, 15.000000, 16, 0.5
5 5 6 7 7 8 10 11 15 225 
5, 550.575576, 14.000000, 16, 0.5
5 5 6 6 7 8 9 11 14 221 
5, 548.716604, 14.000000, 16, 0.5
5 5 6 6 7 8 9 11 14 236 
5, 541.128366, 15.000000, 16, 0.5
5 5 6 7 7 8 10 11 15 216 
5, 548.381627, 14.000000, 16, 0.5
5 5 6 7 7 8 10 11 14 213 
10, 129.459615, 81.000000, 16, 0.5
11 15 19 25 32 41 51 64 81 6048 
10, 103.109089, 77.000000, 16, 0.5
12 16 21 26 31 38 48 59 77 8315 
10, 747.461325, 20.000000, 16, 0.5
7 8 9 10 12 13 14 16 20 375 
10, 710.003262, 21.000000, 16, 0.5
7 8 10 11 12 14 15 18 21 314 
10, 215.913657, 60.000000, 16, 0.5
8 10 12 14 16 20 27 38 60 8125 
15, 789.256135, 27.000000, 16, 0.5
11 13 14 16 17 19 21 23 27 280 
15, 548.258372, 36.000000, 16, 0.5
10 12 14 15 17 19 21 25 36 2158 
15, 143.499525, 94.000000, 16, 0.5
15 20 26 33 40 49 60 75 94 6564 
15, 837.891491, 25.000000, 16, 0.5
10 12 13 15 16 18 19 22 25 282 
15, 851.952057, 25.000000, 16, 0.5
10 12 13 15 16 17 19 21 25 269 
20, 301.630328, 87.000000, 16, 0.5
15 18 20 23 26 32 40 60 87 3001 
20, 881.934273, 32.000000, 16, 0.5
13 15 17 19 21 23 25 27 32 276 
20, 882.074451, 32.000000, 16, 0.5
13 16 18 19 21 22 24 27 32 278 
20, 165.902047, 120.000000, 16, 0.5
16 21 26 35 47 60 75 90 120 4762 
20, 889.725770, 31.000000, 16, 0.5
13 16 17 19 21 22 24 27 31 292 
25, 175.561199, 154.000000, 16, 0.5
26 36 45 54 66 78 90 108 154 8571 
25, 391.012598, 87.000000, 16, 0.5
18 21 23 26 28 33 39 55 87 6294 
25, 278.127166, 118.000000, 16, 0.5
19 23 27 32 39 52 67 87 118 6635 
25, 192.629965, 145.000000, 16, 0.5
24 31 40 50 60 73 86 107 145 8884 
25, 885.051521, 37.000000, 16, 0.5
15 19 21 23 25 27 29 32 37 2243 
30, 208.998851, 185.000000, 16, 0.5
30 41 52 62 75 88 104 126 185 4965 
30, 935.567672, 43.000000, 16, 0.5
20 23 25 27 29 32 35 38 43 344 
30, 449.816631, 97.000000, 16, 0.5
22 26 29 31 35 39 45 59 97 6600 
30, 195.623263, 172.000000, 16, 0.5
27 34 44 56 69 81 98 122 172 6563 
30, 418.912033, 110.000000, 16, 0.5
21 24 27 29 33 37 45 68 110 2614 
35, 199.425033, 211.000000, 16, 0.5
38 50 61 74 86 98 116 143 211 10445 
35, 586.635587, 78.000000, 16, 0.5
25 28 31 34 37 41 46 53 78 2560 
35, 184.040673, 235.000000, 16, 0.5
34 50 63 75 89 106 129 160 235 5006 
35, 190.946957, 228.000000, 16, 0.5
41 51 61 74 88 103 123 156 228 5057 
40, 446.891154, 134.000000, 16, 0.5
29 34 38 41 46 53 66 97 134 6736 
40, 273.935914, 210.000000, 16, 0.5
33 38 44 51 64 86 109 150 210 5232 
40, 915.067461, 58.000000, 16, 0.5
29 32 35 38 41 43 47 52 58 373 
40, 246.571867, 240.000000, 16, 0.5
33 40 51 67 83 102 126 160 240 4671 
40, 203.589567, 292.000000, 16, 0.5
37 52 64 78 93 110 132 164 292 4999 
45, 234.392432, 274.000000, 16, 0.5
39 48 63 78 95 123 152 190 274 6609 
45, 646.151609, 82.000000, 16, 0.5
30 35 40 44 48 52 57 63 82 2767 
45, 240.623470, 261.000000, 16, 0.5
37 44 50 62 80 107 140 179 261 5013 
45, 384.016233, 165.000000, 16, 0.5
33 38 43 47 53 60 73 110 165 4279 
45, 535.138682, 123.000000, 16, 0.5
27 34 40 45 50 55 63 75 123 4701 
50, 241.200526, 268.000000, 16, 0.5
43 50 60 74 96 119 150 187 268 5132 
50, 223.057750, 324.000000, 16, 0.5
45 64 84 104 124 146 169 216 324 4706 
50, 209.628853, 404.000000, 16, 0.5
65 84 99 118 134 159 187 228 404 6762 
50, 878.862835, 74.000000, 16, 0.5
38 42 46 49 53 56 60 66 74 479 
50, 245.701444, 309.000000, 16, 0.5
40 48 56 68 90 121 160 215 309 5008 
55, 212.040215, 439.000000, 16, 0.5
69 91 109 131 153 182 213 259 439 5172 
55, 210.005133, 439.000000, 16, 0.5
56 75 93 113 135 159 197 252 439 5160 
55, 213.045791, 476.000000, 16, 0.5
54 76 95 110 133 159 197 259 476 5287 
55, 227.532725, 318.000000, 16, 0.5
39 51 66 79 102 138 177 225 318 5543 
55, 193.856076, 378.000000, 16, 0.5
62 77 97 115 137 159 187 230 378 7473 
60, 216.923086, 535.000000, 16, 0.5
56 75 97 117 140 168 201 261 535 6610 
60, 275.433112, 384.000000, 16, 0.5
50 58 67 78 95 130 180 231 384 4340 
60, 214.229527, 470.000000, 16, 0.5
42 62 88 110 138 169 206 275 470 6470 
60, 205.194738, 550.000000, 16, 0.5
76 99 122 143 167 195 233 296 550 6856 
60, 224.305038, 474.000000, 16, 0.5
59 76 100 125 150 184 223 290 474 6323 
65, 362.038315, 273.000000, 16, 0.5
53 59 64 70 79 92 126 191 273 3054 
65, 209.919675, 597.000000, 16, 0.5
82 105 126 148 173 205 238 300 597 5329 
65, 240.614707, 487.000000, 16, 0.5
57 67 78 97 127 163 201 260 487 5015 
65, 203.008941, 627.000000, 16, 0.5
80 102 123 145 168 199 236 320 627 6736 
65, 298.455622, 355.000000, 16, 0.5
57 65 72 83 101 131 166 231 355 5184 
70, 249.108300, 555.000000, 16, 0.5
55 72 91 115 141 180 230 323 555 3213 
70, 308.481831, 399.000000, 16, 0.5
61 69 75 84 99 130 172 225 399 4384 
70, 371.969668, 305.000000, 16, 0.5
53 63 70 78 88 107 137 196 305 4964 
70, 203.366889, 772.000000, 16, 0.5
80 107 133 160 183 224 283 409 772 7322 
75, 224.133042, 695.000000, 16, 0.5
76 90 111 140 173 203 244 325 695 6978 
75, 199.786059, 782.000000, 16, 0.5
99 127 153 183 215 249 306 396 782 5298 
75, 225.122708, 655.000000, 16, 0.5
67 83 101 132 166 201 262 377 655 5066 
75, 122.285295, 793.000000, 16, 0.5
106 133 158 178 208 238 297 430 793 27728 
75, 179.678987, 869.000000, 16, 0.5
86 117 146 175 205 246 330 449 869 5624 
80, 204.825423, 722.000000, 16, 0.5
103 132 161 191 221 260 329 457 722 5077 
80, 202.801262, 786.000000, 16, 0.5
108 138 165 198 231 259 310 412 786 4680 
80, 183.777357, 857.000000, 16, 0.5
111 141 167 187 212 242 316 416 857 7114 
80, 216.727971, 787.000000, 16, 0.5
93 115 140 170 203 237 285 371 787 4370 
80, 319.214708, 399.000000, 16, 0.5
72 81 87 95 108 133 174 230 399 5430 
85, 181.879964, 961.000000, 16, 0.5
113 144 177 218 250 287 350 526 961 4651 
85, 217.100969, 783.000000, 16, 0.5
84 99 122 155 192 247 313 431 783 7118 
85, 198.741451, 850.000000, 16, 0.5
100 135 171 201 230 268 345 485 850 6667 
85, 191.561578, 949.000000, 16, 0.5
114 150 185 215 256 312 384 523 949 4576 
90, 161.205868, 1070.000000, 16, 0.5
149 190 227 265 309 394 525 709 1070 5346 
90, 194.056515, 982.000000, 16, 0.5
71 102 146 191 233 292 353 492 982 5304 
90, 151.808942, 1016.000000, 16, 0.5
122 157 200 240 279 336 429 631 1016 10730 
90, 197.044588, 959.000000, 16, 0.5
133 165 200 225 258 302 370 553 959 5062 
90, 182.065726, 995.000000, 16, 0.5
118 147 183 217 261 322 405 602 995 5094 
5, 509.636042, 16.000000, 16, 0.95
5 5 6 7 8 9 10 12 16 232 
5, 539.040405, 15.000000, 16, 0.95
5 5 6 7 7 8 10 11 15 216 
5, 540.591020, 14.000000, 16, 0.95
5 5 6 7 7 8 10 11 14 212 
5, 517.973167, 15.000000, 16, 0.95
5 5 6 7 8 9 10 12 15 243 
5, 528.720773, 15.000000, 16, 0.95
5 5 6 7 8 9 10 12 15 215 
10, 114.769160, 87.000000, 16, 0.95
10 13 18 25 34 43 55 67 87 6831 
10, 712.870076, 21.000000, 16, 0.95
7 8 10 11 12 13 15 17 21 479 
10, 655.177013, 23.000000, 16, 0.95
7 9 10 12 13 15 17 19 23 361 
10, 720.223244, 21.000000, 16, 0.95
7 8 10 11 12 13 15 17 21 240 
10, 720.295913, 21.000000, 16, 0.95
7 8 10 11 12 14 15 17 21 264 
15, 176.523164, 88.000000, 16, 0.95
13 15 18 22 28 38 50 64 88 4187 
15, 804.278330, 26.000000, 16, 0.95
10 12 14 15 17 18 20 22 26 422 
15, 792.775314, 27.000000, 16, 0.95
10 12 14 15 17 18 21 23 27 465 
15, 780.698319, 28.000000, 16, 0.95
10 12 14 16 17 19 21 24 28 314 
15, 803.900313, 26.000000, 16, 0.95
11 13 14 15 17 18 20 23 26 261 
20, 213.347651, 113.000000, 16, 0.95
16 20 23 28 35 47 63 81 113 4412 
20, 851.810366, 33.000000, 16, 0.95
14 16 18 20 22 23 25 28 33 287 
20, 822.123102, 33.000000, 16, 0.95
14 17 19 21 23 24 27 29 33 335 
20, 163.294812, 118.000000, 16, 0.95
23 31 39 48 56 66 79 95 118 8150 
20, 382.061309, 80.000000, 16, 0.95
15 17 19 22 24 28 32 45 80 4535 
25, 878.648631, 38.000000, 16, 0.95
18 21 23 24 26 28 31 34 38 325 
25, 218.446309, 141.000000, 16, 0.95
20 24 29 39 51 64 81 100 141 6601 
25, 223.226807, 146.000000, 16, 0.95
19 24 29 36 48 63 81 103 146 4739 
25, 190.985572, 137.000000, 16, 0.95
22 28 36 46 57 69 83 102 137 6844 
25, 174.794484, 148.000000, 16, 0.95
25 34 44 54 64 77 91 110 148 8189 
30, 309.893785, 146.000000, 16, 0.95
22 26 29 32 37 44 61 93 146 4726 
30, 284.077909, 171.000000, 16, 0.95
24 28 32 38 46 64 85 111 171 5425 
30, 206.180288, 191.000000, 16, 0.95
25 31 39 53 67 82 99 124 191 6634 
30, 377.841732, 107.000000, 16, 0.95
22 25 28 31 35 40 48 63 107 4641 
30, 199.309844, 202.000000, 16, 0.95
32 43 54 66 80 94 110 137 202 8337 
35, 194.362236, 230.000000, 16, 0.95
43 55 68 82 97 113 135 164 230 5088 
35, 236.169118, 235.000000, 16, 0.95
30 36 44 58 77 98 123 157 235 6981 
35, 160.780983, 242.000000, 16, 0.95
36 50 62 75 89 106 126 157 242 10609 
35, 798.898749, 64.000000, 16, 0.95
26 30 32 35 38 42 46 52 64 402 
35, 886.758714, 52.000000, 16, 0.95
25 29 31 34 36 39 42 46 52 349 
40, 258.983387, 231.000000, 16, 0.95
31 37 44 54 73 96 119 152 231 6768 
40, 206.222386, 256.000000, 16, 0.95
38 46 59 76 94 114 139 172 256 7112 
40, 769.233170, 70.000000, 16, 0.95
32 36 39 42 45 49 53 59 70 491 
40, 656.895933, 70.000000, 16, 0.95
31 35 38 40 44 47 51 57 70 2498 
40, 899.098801, 57.000000, 16, 0.95
30 33 36 39 41 44 47 51 57 494 
45, 196.367140, 352.000000, 16, 0.95
53 70 86 103 122 145 169 219 352 8323 
45, 802.234445, 74.000000, 16, 0.95
36 41 45 48 52 56 60 66 74 487 
45, 203.032835, 291.000000, 16, 0.95
50 66 80 92 107 124 153 199 291 6879 
45, 199.787080, 368.000000, 16, 0.95
58 73 85 101 120 151 179 232 368 4844 
45, 256.039236, 268.000000, 16, 0.95
37 42 49 60 77 101 132 175 268 6642 
50, 195.587811, 466.000000, 16, 0.95
73 92 107 126 144 167 208 274 466 4966 
50, 485.012786, 157.000000, 16, 0.95
42 46 50 54 59 65 73 98 157 5332 
50, 200.510026, 376.000000, 16, 0.95
58 76 92 110 127 154 182 236 376 4992 
50, 197.611920, 387.000000, 16, 0.95
61 75 91 109 128 154 184 246 387 6647 
50, 885.485064, 73.000000, 16, 0.95
39 43 46 49 53 56 60 65 73 415 
55, 198.889547, 466.000000, 16, 0.95
70 92 109 130 158 189 229 307 466 6367 
55, 231.916570, 365.000000, 16, 0.95
57 70 90 109 132 159 193 244 365 4851 
55, 252.375557, 368.000000, 16, 0.95
46 53 64 88 120 148 182 237 368 2888 
55, 191.773905, 540.000000, 16, 0.95
82 100 120 140 163 192 234 306 540 4844 
55, 257.484297, 375.000000, 16, 0.95
46 54 64 83 111 141 174 233 375 5175 
60, 168.258554, 560.000000, 16, 0.95
67 89 106 129 161 195 241 345 560 7403 
60, 303.722654, 357.000000, 16, 0.95
51 58 64 72 87 122 166 220 357 5348 
60, 197.385651, 530.000000, 16, 0.95
69 93 110 127 150 187 225 284 530 6585 
60, 225.182375, 448.000000, 16, 0.95
53 63 79 100 125 159 192 245 448 6912 
60, 204.313556, 570.000000, 16, 0.95
73 94 113 134 155 185 228 311 570 4971 
65, 196.192291, 621.000000, 16, 0.95
59 82 106 131 162 196 248 362 621 6919 
65, 441.730849, 225.000000, 16, 0.95
50 60 66 71 78 87 107 157 225 4795 
65, 239.330258, 496.000000, 16, 0.95
62 80 103 123 144 179 228 310 496 3018 
65, 188.484847, 730.000000, 16, 0.95
90 116 138 159 186 221 269 370 730 7061 
65, 202.192139, 596.000000, 16, 0.95
77 103 127 147 170 198 256 340 596 6483 
70, 191.831489, 705.000000, 16, 0.95
80 107 138 170 204 242 302 384 705 5500 
70, 191.906908, 771.000000, 16, 0.95
95 122 144 167 197 238 291 387 771 6712 
70, 202.932186, 726.000000, 16, 0.95
70 82 104 133 173 220 282 372 726 6537 
70, 201.589961, 777.000000, 16, 0.95
74 94 129 154 187 236 297 408 777 3200 
70, 184.881146, 737.000000, 16, 0.95
85 110 132 165 194 234 297 391 737 7498 
75, 195.234563, 765.000000, 16, 0.95
94 125 155 184 214 249 314 436 765 6466 
75, 182.457593, 841.000000, 16, 0.95
110 139 165 191 223 260 311 428 841 5472 
75, 202.241927, 752.000000, 16, 0.95
91 116 141 167 204 233 268 351 752 5165 
75, 274.421732, 486.000000, 16, 0.95
64 76 85 95 113 149 197 270 486 5019 
80, 185.142267, 837.000000, 16, 0.95
101 131 162 193 237 281 350 503 837 5402 
80, 315.049289, 444.000000, 16, 0.95
75 83 93 102 116 143 203 280 444 3054 
80, 181.477746, 869.000000, 16, 0.95
112 153 186 215 245 282 355 505 869 6383 
80, 209.571536, 818.000000, 16, 0.95
82 105 135 168 203 253 308 416 818 4583 
80, 250.820166, 729.000000, 16, 0.95
77 87 96 108 128 187 247 371 729 3327 
85, 177.736548, 924.000000, 16, 0.95
114 150 180 211 263 325 413 573 924 5175 
85, 189.718368, 892.000000, 16, 0.95
76 127 163 202 242 294 375 515 892 6839 
85, 176.232199, 959.000000, 16, 0.95
55 103 136 182 221 282 356 520 959 8891 
85, 193.948098, 945.000000, 16, 0.95
91 122 155 195 234 281 346 485 945 4975 
90, 193.835851, 935.000000, 16, 0.95
134 167 192 221 259 321 405 570 935 5306 
90, 189.923609, 963.000000, 16, 0.95
92 108 145 189 236 293 364 607 963 5884 
90, 203.061644, 1007.000000, 16, 0.95
92 112 135 163 208 261 319 445 1007 5481 
90, 250.533299, 709.000000, 16, 0.95
83 99 120 137 165 203 283 377 709 4957 
5, 579.162996, 13.000000, 128, 0.05
5 5 6 6 7 8 9 10 13 218 
5, 565.989059, 14.000000, 128, 0.05
5 5 6 6 7 8 9 11 14 248 
5, 556.954877, 14.000000, 128, 0.05
5 5 6 6 7 8 9 11 14 209 
5, 551.809756, 14.000000, 128, 0.05
5 5 6 6 7 8 9 11 14 217 
5, 569.912563, 13.000000, 128, 0.05
5 5 6 6 7 8 9 10 13 216 
10, 764.817675, 20.000000, 128, 0.05
6 8 9 10 11 13 14 16 20 222 
10, 152.709516, 72.000000, 128, 0.05
9 11 14 19 26 34 43 55 72 4568 
10, 146.417225, 74.000000, 128, 0.05
10 12 16 22 28 34 43 56 74 6434 
10, 775.219985, 19.000000, 128, 0.05
6 8 9 10 11 12 14 16 19 381 
10, 766.885167, 19.000000, 128, 0.05
6 8 9 10 11 13 14 16 19 220 
15, 887.025204, 24.000000, 128, 0.05
9 11 13 14 15 17 19 21 24 275 
15, 877.276803, 24.000000, 128, 0.05
9 11 13 14 15 17 19 21 24 277 
15, 183.189424, 88.000000, 128, 0.05
12 15 18 24 31 40 52 67 88 6531 
15, 886.425271, 24.000000, 128, 0.05
9 11 13 14 15 17 18 20 24 268 
15, 234.452085, 71.000000, 128, 0.05
11 13 15 17 20 24 34 50 71 10540 
20, 135.166485, 145.000000, 128, 0.05
22 30 39 48 58 70 85 103 145 4808 
20, 189.880803, 102.000000, 128, 0.05
17 22 28 35 44 53 66 80 102 14169 
20, 156.977548, 115.000000, 128, 0.05
16 22 27 35 45 58 70 87 115 10545 
20, 880.882617, 32.000000, 128, 0.05
13 15 16 18 19 21 23 26 32 281 
20, 294.485585, 100.000000, 128, 0.05
14 17 20 22 27 35 50 70 100 4667 
25, 258.714590, 118.000000, 128, 0.05
19 23 28 34 44 57 72 87 118 4647 
25, 200.155695, 127.000000, 128, 0.05
20 26 32 40 49 61 76 93 127 6603 
25, 199.956434, 137.000000, 128, 0.05
19 24 29 38 50 63 79 100 137 8616 
25, 317.463101, 114.000000, 128, 0.05
18 22 25 28 34 44 62 81 114 2784 
25, 891.273733, 37.000000, 128, 0.05
12 15 18 20 23 25 27 31 37 2511 
30, 217.362687, 178.000000, 128, 0.05
23 30 39 50 65 79 95 120 178 6082 
30, 170.363579, 180.000000, 128, 0.05
31 41 51 61 72 86 102 129 180 6096 
30, 211.701915, 165.000000, 128, 0.05
21 27 33 43 56 71 89 114 165 6556 
30, 259.109266, 160.000000, 128, 0.05
21 25 31 37 47 62 80 108 160 6609 
30, 220.627327, 164.000000, 128, 0.05
23 29 37 49 62 76 93 119 164 8252 
35, 201.325272, 198.000000, 128, 0.05
36 48 59 71 81 96 114 143 198 4667 
35, 316.943293, 154.000000, 128, 0.05
26 30 33 37 43 51 67 94 154 5477 
35, 246.560769, 178.000000, 128, 0.05
29 39 51 64 78 89 107 132 178 8535 
35, 216.352977, 194.000000, 128, 0.05
30 38 49 62 78 94 113 141 194 10231 
35, 252.895759, 185.000000, 128, 0.05
29 36 45 56 70 86 103 136 185 4680 
40, 220.903732, 224.000000, 128, 0.05
39 51 61 75 89 106 128 160 224 6762 
40, 914.763681, 57.000000, 128, 0.05
28 32 34 37 40 43 46 51 57 549 
40, 519.388011, 114.000000, 128, 0.05
27 30 33 36 39 43 50 71 114 2567 
40, 371.765503, 150.000000, 128, 0.05
28 32 36 40 45 52 62 95 150 4783 
40, 220.934804, 211.000000, 128, 0.05
33 40 51 63 80 98 119 152 211 6629 
45, 237.162122, 258.000000, 128, 0.05
32 42 56 73 90 110 137 169 258 6649 
45, 208.134497, 359.000000, 128, 0.05
44 59 71 88 105 125 156 193 359 6663 
45, 959.183163, 60.000000, 128, 0.05
31 35 38 41 44 46 49 54 60 446 
45, 217.926613, 315.000000, 128, 0.05
48 63 77 92 106 126 150 184 315 5124 
50, 249.706157, 272.000000, 128, 0.05
38 45 55 70 91 112 142 179 272 6663 
50, 243.301303, 288.000000, 128, 0.05
40 48 57 74 95 123 151 186 288 8666 
50, 216.513812, 283.000000, 128, 0.05
54 70 86 102 120 137 163 197 283 8624 
50, 203.148168, 390.000000, 128, 0.05
58 77 91 107 125 147 171 219 390 5241 
50, 306.520383, 197.000000, 128, 0.05
37 42 47 51 56 65 82 129 197 9050 
55, 881.213197, 81.000000, 128, 0.05
42 47 50 54 58 62 67 72 81 457 
55, 230.527622, 379.000000, 128, 0.05
52 68 87 104 124 147 179 219 379 6806 
55, 411.758382, 210.000000, 128, 0.05
41 46 50 56 62 74 99 152 210 4549 
55, 326.573391, 259.000000, 128, 0.05
44 50 56 63 73 98 130 166 259 4795 
55, 222.504745, 331.000000, 128, 0.05
53 71 89 109 129 150 181 227 331 6804 
60, 256.335699, 364.000000, 128, 0.05
48 56 68 88 113 141 178 227 364 4347 
60, 206.049918, 497.000000, 128, 0.05
74 94 111 131 150 175 215 295 497 6475 
60, 294.926018, 287.000000, 128, 0.05
48 54 61 70 84 114 159 200 287 4992 
60, 220.100844, 510.000000, 128, 0.05
74 94 114 131 150 172 201 258 510 6738 
60, 368.295986, 265.000000, 128, 0.05
47 52 57 63 72 89 125 169 265 2888 
65, 207.633070, 599.000000, 128, 0.05
81 104 125 147 169 196 243 323 599 5039 
65, 187.626837, 667.000000, 128, 0.05
75 99 123 141 160 182 222 301 667 8485 
65, 206.617542, 566.000000, 128, 0.05
75 99 119 142 168 197 226 285 566 10861 
65, 207.745532, 618.000000, 128, 0.05
84 104 123 144 173 205 247 312 618 4996 
65, 195.030321, 593.000000, 128, 0.05
57 83 106 125 144 168 199 271 593 7131 
70, 217.543269, 642.000000, 128, 0.05
86 109 128 148 176 202 245 320 642 6338 
70, 212.693900, 638.000000, 128, 0.05
86 109 132 152 179 212 254 326 638 8714 
70, 158.590629, 755.000000, 128, 0.05
93 122 145 168 188 220 280 409 755 11587 
70, 218.838897, 580.000000, 128, 0.05
75 95 117 137 161 198 239 314 580 7140 
70, 205.837689, 728.000000, 128, 0.05
60 74 98 126 161 194 242 333 728 6309 
75, 211.382057, 788.000000, 128, 0.05
90 117 139 162 186 221 275 357 788 4879 
75, 173.643453, 762.000000, 128, 0.05
88 117 136 156 178 214 279 354 762 9188 
75, 220.081197, 612.000000, 128, 0.05
81 97 117 138 169 201 242 314 612 11441 
75, 204.999320, 733.000000, 128, 0.05
79 98 131 164 198 226 269 354 733 6587 
75, 213.536271, 757.000000, 128, 0.05
94 114 135 165 195 228 286 377 757 5678 
80, 270.207421, 600.000000, 128, 0.05
66 75 85 110 153 188 256 327 600 4377 
80, 166.043767, 860.000000, 128, 0.05
104 131 163 195 232 274 344 476 860 9452 
80, 203.724021, 808.000000, 128, 0.05
78 115 144 173 205 237 280 396 808 10805 
80, 178.712688, 785.000000, 128, 0.05
88 113 137 161 192 225 264 349 785 9183 
85, 173.907503, 949.000000, 128, 0.05
105 131 160 189 223 261 325 507 949 7712 
85, 480.417643, 322.000000, 128, 0.05
72 81 88 94 101 111 128 171 322 5654 
85, 181.319677, 877.000000, 128, 0.05
123 154 183 213 245 287 364 542 877 5016 
85, 199.368016, 845.000000, 128, 0.05
111 143 173 200 233 277 342 521 845 6795 
85, 180.924753, 920.000000, 128, 0.05
105 133 163 197 234 277 359 545 920 6422 
90, 180.880544, 915.000000, 128, 0.05
108 149 182 207 246 306 381 536 915 5358 
90, 141.063265, 1033.000000, 128, 0.05
109 141 176 206 246 289 362 595 1033 19994 
90, 219.998136, 877.000000, 128, 0.05
80 96 118 149 186 237 296 440 877 5015 
90, 184.879250, 927.000000, 128, 0.05
109 149 192 234 291 351 419 543 927 4948 
5, 559.930931, 14.000000, 128, 0.5
5 5 6 6 7 8 9 11 14 241 
5, 553.200669, 14.000000, 128, 0.5
5 5 6 6 7 8 9 11 14 227 
5, 552.510382, 14.000000, 128, 0.5
5 5 6 6 7 8 9 11 14 229 
5, 560.301686, 14.000000, 128, 0.5
5 5 6 6 7 8 9 11 14 220 
5, 560.193645, 14.000000, 128, 0.5
5 5 6 6 7 8 9 11 14 217 
10, 745.906346, 20.000000, 128, 0.5
7 8 9 10 12 13 14 17 20 235 
10, 750.869519, 20.000000, 128, 0.5
6 8 9 10 11 13 14 16 20 264 
10, 777.451595, 19.000000, 128, 0.5
6 8 9 10 11 12 14 16 19 230 
10, 160.097408, 72.000000, 128, 0.5
9 11 13 15 19 26 36 51 72 6514 
10, 766.220199, 19.000000, 128, 0.5
6 8 9 10 12 13 14 16 19 249 
15, 470.310313, 49.000000, 128, 0.5
10 12 14 16 17 19 22 27 49 2785 
15, 845.879985, 26.000000, 128, 0.5
9 11 13 14 16 18 19 22 26 285 
15, 801.583618, 27.000000, 128, 0.5
9 12 13 15 16 18 20 23 27 261 
15, 633.852135, 31.000000, 128, 0.5
9 12 13 15 16 18 21 24 31 2140 
15, 865.413279, 25.000000, 128, 0.5
9 11 13 14 16 17 19 21 25 270 
20, 675.210314, 37.000000, 128, 0.5
13 16 18 20 22 24 26 29 37 2057 
20, 242.712489, 91.000000, 128, 0.5
16 19 22 25 31 41 54 70 91 7027 
20, 807.666038, 36.000000, 128, 0.5
13 16 18 19 21 23 25 29 36 315 
20, 205.648992, 109.000000, 128, 0.5
15 18 22 28 37 50 66 83 109 6127 
20, 217.785866, 110.000000, 128, 0.5
15 18 22 26 34 47 62 81 110 4557 
25, 934.675412, 37.000000, 128, 0.5
17 19 21 23 25 26 29 32 37 311 
25, 887.752099, 38.000000, 128, 0.5
17 20 22 24 26 28 30 33 38 365 
25, 907.190864, 37.000000, 128, 0.5
17 20 22 24 25 27 30 33 37 351 
25, 292.053528, 112.000000, 128, 0.5
19 23 26 30 35 47 65 82 112 7073 
25, 179.384670, 170.000000, 128, 0.5
26 34 44 56 67 79 93 115 170 6138 
30, 258.649155, 156.000000, 128, 0.5
24 28 32 40 52 67 88 110 156 7910 
30, 202.657204, 153.000000, 128, 0.5
23 28 33 43 56 69 88 110 153 8158 
30, 859.875492, 48.000000, 128, 0.5
20 23 26 28 30 33 36 40 48 428 
30, 530.590071, 78.000000, 128, 0.5
22 25 28 30 33 36 40 48 78 4520 
30, 195.996729, 196.000000, 128, 0.5
32 43 55 65 77 92 110 136 196 6754 
35, 204.461240, 220.000000, 128, 0.5
40 52 64 76 90 105 124 156 220 6872 
35, 714.392361, 58.000000, 128, 0.5
25 29 31 33 36 39 43 48 58 2130 
35, 434.110968, 113.000000, 128, 0.5
26 29 32 34 38 41 46 61 113 5277 
35, 211.821661, 213.000000, 128, 0.5
35 46 60 73 88 105 125 152 213 6512 
35, 574.893506, 87.000000, 128, 0.5
27 30 33 35 38 42 47 56 87 4161 
40, 190.260451, 271.000000, 128, 0.5
43 55 68 83 99 116 137 171 271 9263 
40, 381.525455, 161.000000, 128, 0.5
29 33 37 41 46 53 69 107 161 4046 
40, 306.858923, 198.000000, 128, 0.5
31 36 42 48 56 67 95 136 198 3254 
40, 848.596180, 61.000000, 128, 0.5
30 34 37 40 43 46 50 55 61 544 
40, 395.988822, 164.000000, 128, 0.5
23 29 35 41 47 56 72 110 164 2803 
45, 894.712665, 65.000000, 128, 0.5
34 38 41 44 46 49 53 58 65 416 
45, 314.029058, 236.000000, 128, 0.5
38 44 49 55 64 87 114 152 236 4744 
45, 340.307250, 212.000000, 128, 0.5
39 44 48 53 59 69 96 138 212 3139 
45, 194.332378, 392.000000, 128, 0.5
57 74 91 107 127 153 176 226 392 4822 
45, 548.319714, 123.000000, 128, 0.5
33 38 42 45 49 54 61 76 123 2628 
50, 209.866237, 372.000000, 128, 0.5
50 69 89 106 127 152 184 237 372 6909 
50, 362.102092, 220.000000, 128, 0.5
41 47 51 56 63 74 97 142 220 4752 
50, 892.148528, 71.000000, 128, 0.5
38 42 45 48 51 54 58 63 71 617 
50, 420.095034, 191.000000, 128, 0.5
38 43 47 51 56 63 77 113 191 5016 
50, 217.732669, 353.000000, 128, 0.5
45 57 71 91 112 136 166 215 353 5105 
55, 242.491502, 322.000000, 128, 0.5
48 59 72 88 108 130 163 210 322 6805 
55, 942.466321, 74.000000, 128, 0.5
40 45 49 52 55 58 62 68 74 405 
55, 239.560464, 376.000000, 128, 0.5
47 56 65 81 108 134 171 229 376 4680 
55, 536.233729, 151.000000, 128, 0.5
45 50 54 58 62 68 75 89 151 2959 
55, 613.451221, 124.000000, 128, 0.5
43 48 52 56 59 64 71 82 124 3133 
60, 224.726150, 452.000000, 128, 0.5
59 74 94 113 138 166 201 274 452 4410 
60, 231.385040, 448.000000, 128, 0.5
52 64 83 107 131 158 191 264 448 9700 
60, 208.094132, 521.000000, 128, 0.5
78 98 118 144 168 197 232 300 521 4843 
60, 224.833349, 483.000000, 128, 0.5
50 60 75 96 126 160 200 260 483 5293 
60, 850.815497, 91.000000, 128, 0.5
48 54 58 62 67 71 76 82 91 430 
65, 405.969628, 226.000000, 128, 0.5
53 60 66 73 82 98 125 164 226 2851 
65, 207.348074, 602.000000, 128, 0.5
71 96 117 141 161 193 230 292 602 6773 
65, 438.083487, 219.000000, 128, 0.5
56 63 68 75 81 89 103 131 219 3227 
65, 362.389710, 309.000000, 128, 0.5
58 66 72 78 87 98 125 192 309 3002 
65, 239.334672, 468.000000, 128, 0.5
47 62 86 113 148 179 216 277 468 5209 
70, 465.564754, 237.000000, 128, 0.5
64 71 77 83 90 99 112 142 237 4773 
70, 206.518787, 695.000000, 128, 0.5
89 115 137 158 184 220 269 385 695 5237 
70, 258.891624, 488.000000, 128, 0.5
62 73 86 106 132 164 213 265 488 3284 
70, 207.336408, 663.000000, 128, 0.5
73 94 116 147 180 211 247 330 663 7022 
70, 210.066931, 655.000000, 128, 0.5
77 103 122 140 161 185 222 295 655 9093 
75, 191.015254, 833.000000, 128, 0.5
98 128 152 183 213 254 342 466 833 3005 
75, 208.999307, 754.000000, 128, 0.5
89 115 137 161 196 232 295 414 754 3289 
75, 188.755777, 832.000000, 128, 0.5
97 128 151 172 200 231 296 418 832 4840 
75, 198.905675, 766.000000, 128, 0.5
100 131 156 181 207 238 287 438 766 5354 
80, 194.933085, 816.000000, 128, 0.5
105 135 168 201 239 275 323 427 816 5285 
80, 203.047680, 851.000000, 128, 0.5
93 116 138 170 209 252 316 429 851 5280 
80, 203.523097, 797.000000, 128, 0.5
106 132 159 184 209 248 306 432 797 5013 
80, 170.446511, 882.000000, 128, 0.5
101 124 152 185 233 280 351 466 882 10911 
80, 212.281750, 789.000000, 128, 0.5
80 112 141 172 201 237 286 407 789 4957 
85, 197.584067, 848.000000, 128, 0.5
113 153 182 210 242 281 351 476 848 8527 
85, 184.851669, 956.000000, 128, 0.5
106 133 163 195 238 282 359 537 956 4348 
85, 387.541151, 354.000000, 128, 0.5
75 82 90 99 110 125 156 217 354 3001 
90, 181.999609, 911.000000, 128, 0.5
79 105 130 166 211 263 313 441 911 9489 
90, 229.868364, 802.000000, 128, 0.5
97 111 132 166 202 250 337 463 802 5237 
90, 220.297953, 912.000000, 128, 0.5
83 97 114 137 181 225 301 431 912 5500 
90, 199.289954, 863.000000, 128, 0.5
106 139 169 196 231 271 346 491 863 6861 
90, 170.610238, 1172.000000, 128, 0.5
90 129 171 215 278 333 425 640 1172 5369 
5, 545.473590, 14.000000, 128, 0.95
5 5 6 6 7 8 10 11 14 220 
5, 557.540290, 14.000000, 128, 0.95
5 5 6 6 7 8 9 11 14 254 
5, 538.272205, 15.000000, 128, 0.95
5 5 6 7 7 8 10 11 15 217 
5, 556.108866, 14.000000, 128, 0.95
5 5 6 6 7 8 9 11 14 215 
5, 544.566404, 14.000000, 128, 0.95
5 5 6 6 7 8 9 11 14 222 
10, 760.250291, 20.000000, 128, 0.95
6 8 9 10 11 13 14 17 20 230 
10, 744.289525, 20.000000, 128, 0.95
7 8 9 11 12 13 14 17 20 247 
10, 725.071305, 22.000000, 128, 0.95
7 8 9 10 12 13 15 18 22 222 
10, 749.081710, 20.000000, 128, 0.95
6 8 9 10 12 13 15 17 20 227 
10, 740.586740, 21.000000, 128, 0.95
7 8 9 10 12 13 15 17 21 244 
15, 846.145340, 25.000000, 128, 0.95
9 11 13 14 16 18 19 22 25 286 
15, 378.958181, 59.000000, 128, 0.95
10 13 14 16 18 21 24 32 59 2551 
15, 805.013956, 26.000000, 128, 0.95
10 12 14 15 17 18 20 23 26 375 
15, 846.297140, 25.000000, 128, 0.95
9 11 13 14 16 17 19 21 25 365 
15, 774.249775, 28.000000, 128, 0.95
10 12 14 16 17 19 21 24 28 375 
20, 215.709993, 105.000000, 128, 0.95
14 17 20 24 29 39 56 77 105 6592 
20, 228.144014, 112.000000, 128, 0.95
15 18 22 26 33 45 61 82 112 8492 
20, 187.626826, 110.000000, 128, 0.95
16 20 25 33 44 57 69 85 110 8138 
20, 236.972064, 103.000000, 128, 0.95
15 18 21 25 32 42 57 74 103 8096 
20, 875.566299, 31.000000, 128, 0.95
13 15 17 19 21 22 24 27 31 423 
25, 175.360596, 153.000000, 128, 0.95
25 34 44 54 64 77 91 111 153 6608 
25, 605.417354, 59.000000, 128, 0.95
17 20 23 25 28 31 34 40 59 2459 
25, 152.129079, 171.000000, 128, 0.95
29 41 51 61 72 84 100 120 171 6554 
25, 447.669535, 71.000000, 128, 0.95
17 20 23 25 27 30 34 42 71 6529 
25, 854.473520, 41.000000, 128, 0.95
17 20 22 24 26 29 31 35 41 450 
30, 191.788920, 194.000000, 128, 0.95
29 41 52 63 75 88 104 131 194 4669 
30, 161.046542, 198.000000, 128, 0.95
33 44 55 65 77 91 108 135 198 6655 
30, 182.207648, 190.000000, 128, 0.95
34 43 54 67 80 94 111 137 190 5033 
30, 252.518688, 154.000000, 128, 0.95
22 26 30 36 48 66 85 108 154 9373 
30, 616.832773, 65.000000, 128, 0.95
21 24 26 29 31 35 39 46 65 2766 
35, 364.548094, 161.000000, 128, 0.95
26 30 34 39 44 53 77 113 161 4705 
35, 532.280752, 99.000000, 128, 0.95
26 29 32 35 39 43 50 65 99 2388 
35, 225.050897, 204.000000, 128, 0.95
28 34 44 60 77 94 116 142 204 6994 
35, 192.732827, 243.000000, 128, 0.95
36 47 60 73 86 101 121 157 243 12384 
35, 517.920814, 91.000000, 128, 0.95
28 32 35 38 42 46 51 60 91 2676 
40, 306.711653, 189.000000, 128, 0.95
31 36 39 44 52 69 95 129 189 5079 
40, 185.390455, 344.000000, 128, 0.95
52 70 85 101 120 142 171 213 344 4786 
40, 414.613590, 140.000000, 128, 0.95
32 36 40 44 48 55 66 93 140 6790 
40, 892.894660, 59.000000, 128, 0.95
28 32 35 37 40 44 47 52 59 545 
40, 321.760565, 192.000000, 128, 0.95
31 37 42 50 60 76 103 142 192 4615 
45, 897.035456, 66.000000, 128, 0.95
34 38 41 44 47 50 53 58 66 380 
45, 205.938369, 332.000000, 128, 0.95
52 70 85 101 118 140 167 206 332 6557 
45, 225.516126, 301.000000, 128, 0.95
43 55 73 91 112 138 167 207 301 6653 
45, 403.475266, 183.000000, 128, 0.95
31 36 41 46 52 59 73 113 183 2737 
45, 192.250741, 352.000000, 128, 0.95
43 63 82 96 112 134 166 216 352 6206 
50, 195.625302, 409.000000, 128, 0.95
60 79 96 114 137 162 194 252 409 5056 
50, 195.286459, 381.000000, 128, 0.95
50 66 86 106 131 161 195 243 381 10360 
50, 262.331292, 288.000000, 128, 0.95
44 51 58 71 91 116 152 198 288 6949 
50, 185.179477, 401.000000, 128, 0.95
62 77 92 106 127 152 185 239 401 8827 
50, 192.527116, 468.000000, 128, 0.95
59 78 96 114 137 157 188 257 468 4859 
55, 199.611396, 444.000000, 128, 0.95
54 76 98 120 143 173 212 277 444 4865 
55, 541.713447, 166.000000, 128, 0.95
46 51 55 60 64 69 78 99 166 2828 
55, 192.294636, 468.000000, 128, 0.95
70 86 104 124 145 172 200 275 468 5211 
55, 243.576225, 372.000000, 128, 0.95
49 57 66 87 113 142 185 260 372 5196 
55, 194.042994, 505.000000, 128, 0.95
72 92 110 128 147 175 214 277 505 6730 
60, 824.751107, 93.000000, 128, 0.95
34 47 54 59 64 69 75 82 93 2613 
60, 212.496672, 507.000000, 128, 0.95
69 88 106 126 152 183 222 266 507 5456 
60, 856.949587, 92.000000, 128, 0.95
48 53 57 61 65 70 75 83 92 442 
60, 322.245635, 288.000000, 128, 0.95
50 58 65 71 81 97 139 186 288 7252 
60, 293.463177, 331.000000, 128, 0.95
52 59 67 77 95 127 164 221 331 5279 
65, 201.041879, 601.000000, 128, 0.95
82 104 124 148 171 204 243 326 601 6929 
65, 206.231446, 682.000000, 128, 0.95
70 97 122 149 185 227 272 372 682 3369 
65, 354.358006, 323.000000, 128, 0.95
62 70 78 84 93 107 137 211 323 3116 
65, 757.512650, 111.000000, 128, 0.95
58 63 69 74 80 86 92 100 111 632 
65, 204.052327, 613.000000, 128, 0.95
72 94 116 135 160 193 229 289 613 5093 
70, 198.608005, 652.000000, 128, 0.95
88 120 147 176 208 246 307 414 652 10151 
70, 506.309725, 184.000000, 128, 0.95
63 70 74 79 85 91 99 120 184 2954 
70, 215.705142, 614.000000, 128, 0.95
68 94 120 148 176 207 246 319 614 6514 
70, 190.227200, 763.000000, 128, 0.95
93 122 145 167 193 228 286 391 763 6434 
70, 183.939112, 781.000000, 128, 0.95
104 132 158 188 223 267 314 458 781 3293 
75, 228.969646, 636.000000, 128, 0.95
84 102 130 160 196 230 277 353 636 6561 
75, 194.112817, 748.000000, 128, 0.95
90 115 137 165 196 234 295 414 748 5130 
75, 186.847962, 759.000000, 128, 0.95
96 127 157 187 223 249 288 410 759 4649 
75, 184.305494, 897.000000, 128, 0.95
104 133 164 194 221 265 325 444 897 7026 
75, 227.671538, 701.000000, 128, 0.95
67 81 111 145 171 207 258 339 701 4769 
80, 774.821904, 135.000000, 128, 0.95
72 78 84 88 94 100 108 118 135 663 
80, 184.979375, 886.000000, 128, 0.95
113 141 169 202 232 274 347 501 886 5489 
80, 201.492071, 819.000000, 128, 0.95
100 128 163 195 225 263 325 449 819 7167 
80, 317.824515, 476.000000, 128, 0.95
79 86 94 105 127 175 234 332 476 2990 
80, 363.916764, 354.000000, 128, 0.95
84 93 101 109 117 129 150 240 354 3260 
85, 179.838375, 944.000000, 128, 0.95
107 142 170 202 243 288 355 550 944 5574 
85, 182.408349, 969.000000, 128, 0.95
90 116 145 182 225 288 383 541 969 7289 
85, 179.626504, 870.000000, 128, 0.95
136 172 206 244 290 344 411 579 870 6972 
85, 181.345738, 874.000000, 128, 0.95
122 152 187 227 269 311 389 557 874 5397 
85, 184.705822, 926.000000, 128, 0.95
115 140 167 201 241 293 374 565 926 4915 
90, 180.083396, 973.000000, 128, 0.95
137 177 212 244 285 339 417 595 973 5018 
90, 260.963688, 708.000000, 128, 0.95
89 100 114 130 163 217 287 404 708 5008 
90, 186.044512, 935.000000, 128, 0.95
123 158 195 228 263 313 405 647 935 5399 
90, 165.863003, 1130.000000, 128, 0.95
111 150 195 230 262 327 428 632 1130 7465 
90, 191.049856, 905.000000, 128, 0.95
120 151 181 214 248 293 352 500 905 5330 
5, 570.501219, 13.000000, 1024, 0.05
5 5 6 6 7 8 9 11 13 219 
5, 561.629587, 14.000000, 1024, 0.05
5 5 6 6 7 8 9 11 14 216 
5, 553.598663, 14.000000, 1024, 0.05
5 5 6 6 7 8 9 11 14 226 
5, 575.810072, 13.000000, 1024, 0.05
5 5 6 6 7 8 9 10 13 221 
5, 573.008863, 13.000000, 1024, 0.05
5 5 6 6 7 8 9 10 13 239 
10, 774.455637, 20.000000, 1024, 0.05
6 8 9 10 11 12 14 16 20 236 
10, 764.082671, 20.000000, 1024, 0.05
6 8 9 10 11 13 14 16 20 250 
10, 786.480593, 19.000000, 1024, 0.05
6 8 9 10 11 12 14 16 19 231 
10, 143.168216, 77.000000, 1024, 0.05
9 13 18 24 31 39 48 61 77 6106 
10, 777.554391, 19.000000, 1024, 0.05
6 8 9 10 11 12 14 16 19 391 
15, 577.219963, 40.000000, 1024, 0.05
10 12 14 15 17 18 21 25 40 2071 
15, 926.907312, 23.000000, 1024, 0.05
9 11 12 13 15 16 17 19 23 274 
15, 880.676524, 24.000000, 1024, 0.05
9 11 13 14 15 17 18 21 24 278 
15, 887.415057, 24.000000, 1024, 0.05
9 11 13 14 15 17 18 20 24 244 
15, 231.312783, 75.000000, 1024, 0.05
12 14 16 19 22 27 35 52 75 6091 
20, 231.555704, 116.000000, 1024, 0.05
13 16 19 23 30 43 59 81 116 5014 
20, 869.015555, 32.000000, 1024, 0.05
13 15 17 18 20 22 24 27 32 533 
20, 403.132243, 73.000000, 1024, 0.05
13 15 17 19 21 24 30 42 73 4197 
20, 953.927764, 29.000000, 1024, 0.05
12 14 16 17 19 21 23 25 29 307 
20, 912.957898, 30.000000, 1024, 0.05
12 15 17 18 20 21 23 26 30 438 
25, 934.392614, 37.000000, 1024, 0.05
16 18 20 22 24 26 28 31 37 525 
25, 187.178328, 153.000000, 1024, 0.05
27 36 45 54 63 74 86 104 153 6153 
25, 203.841913, 121.000000, 1024, 0.05
19 25 31 40 51 62 76 92 121 7023 
25, 223.327655, 126.000000, 1024, 0.05
20 26 34 45 54 66 82 96 126 6625 
25, 203.658408, 127.000000, 1024, 0.05
20 26 33 41 52 62 76 95 127 12289 
30, 260.622557, 146.000000, 1024, 0.05
21 25 29 35 43 56 75 101 146 4645 
30, 202.947953, 160.000000, 1024, 0.05
26 34 42 53 63 75 90 109 160 8162 
30, 601.778861, 70.000000, 1024, 0.05
21 24 27 29 32 35 40 47 70 2603 
30, 238.573690, 163.000000, 1024, 0.05
23 28 39 52 66 80 95 116 163 5156 
30, 213.210951, 164.000000, 1024, 0.05
32 43 51 61 71 82 95 115 164 6580 
35, 211.405685, 192.000000, 1024, 0.05
36 47 56 68 81 94 112 145 192 6590 
35, 714.659002, 62.000000, 1024, 0.05
23 26 29 31 34 37 40 46 62 2519 
35, 958.699215, 49.000000, 1024, 0.05
24 27 29 32 34 36 39 43 49 310 
35, 329.331836, 156.000000, 1024, 0.05
25 28 32 36 41 51 74 104 156 4209 
35, 231.165243, 190.000000, 1024, 0.05
26 31 35 42 57 76 96 125 190 5096 
40, 336.643691, 191.000000, 1024, 0.05
27 31 34 39 45 53 74 117 191 3185 
40, 250.416378, 223.000000, 1024, 0.05
29 34 41 53 68 92 120 157 223 5013 
40, 350.912327, 187.000000, 1024, 0.05
30 35 38 42 48 56 74 115 187 4553 
40, 429.468983, 148.000000, 1024, 0.05
27 31 34 38 41 46 58 93 148 2784 
40, 214.940425, 283.000000, 1024, 0.05
35 43 54 72 91 117 145 183 283 4604 
45, 287.528529, 265.000000, 1024, 0.05
37 42 48 56 72 95 134 179 265 4693 
45, 477.980472, 145.000000, 1024, 0.05
33 37 41 45 50 55 64 89 145 6485 
45, 969.007820, 61.000000, 1024, 0.05
31 34 37 40 43 46 50 54 61 396 
45, 247.060038, 245.000000, 1024, 0.05
41 51 63 79 97 118 146 181 245 5109 
45, 465.240286, 175.000000, 1024, 0.05
32 37 40 44 48 53 68 109 175 4611 
50, 229.613451, 313.000000, 1024, 0.05
52 67 82 98 115 138 159 198 313 6732 
50, 246.200913, 263.000000, 1024, 0.05
41 56 75 93 113 139 165 200 263 8948 
50, 220.326336, 354.000000, 1024, 0.05
45 58 73 96 121 148 182 226 354 5065 
50, 217.122580, 293.000000, 1024, 0.05
41 50 60 76 95 120 152 195 293 7030 
50, 233.919650, 352.000000, 1024, 0.05
49 66 83 101 124 146 175 224 352 8792 
55, 240.354062, 330.000000, 1024, 0.05
49 61 75 96 117 141 171 214 330 6338 
55, 472.388272, 160.000000, 1024, 0.05
41 46 52 56 61 67 75 92 160 3002 
55, 241.047528, 345.000000, 1024, 0.05
45 54 64 76 100 129 168 225 345 5101 
55, 334.169356, 240.000000, 1024, 0.05
41 47 53 60 70 87 117 160 240 6530 
55, 216.518854, 437.000000, 1024, 0.05
63 84 101 118 135 157 181 228 437 5161 
60, 464.312531, 207.000000, 1024, 0.05
44 50 54 59 65 72 83 115 207 3001 
60, 185.572453, 548.000000, 1024, 0.05
62 79 98 122 148 178 217 279 548 8686 
60, 188.685760, 584.000000, 1024, 0.05
70 93 116 136 161 192 234 307 584 5014 
60, 206.711256, 588.000000, 1024, 0.05
68 86 109 130 152 182 229 295 588 4962 
60, 177.140679, 615.000000, 1024, 0.05
78 100 119 138 158 188 228 300 615 7310 
65, 215.074890, 592.000000, 1024, 0.05
67 89 111 135 157 194 235 292 592 5013 
65, 202.854717, 656.000000, 1024, 0.05
74 94 114 138 162 188 226 286 656 5124 
65, 187.600028, 652.000000, 1024, 0.05
78 105 126 147 177 210 251 348 652 6324 
65, 379.759572, 304.000000, 1024, 0.05
52 58 64 70 77 93 128 191 304 3005 
65, 172.605589, 689.000000, 1024, 0.05
79 108 135 159 190 225 286 389 689 6448 
70, 193.490921, 773.000000, 1024, 0.05
76 104 126 151 173 200 243 331 773 6749 
70, 218.956831, 612.000000, 1024, 0.05
69 92 116 141 172 207 254 338 612 8412 
70, 464.389816, 228.000000, 1024, 0.05
54 60 64 70 76 84 95 142 228 4773 
70, 205.471043, 670.000000, 1024, 0.05
99 127 149 171 199 231 277 365 670 7051 
70, 192.644532, 736.000000, 1024, 0.05
86 110 136 165 207 249 302 391 736 6639 
75, 231.995834, 627.000000, 1024, 0.05
68 89 113 142 173 209 250 343 627 6437 
75, 211.486052, 711.000000, 1024, 0.05
104 136 164 184 207 237 286 377 711 7248 
75, 174.314595, 860.000000, 1024, 0.05
105 138 162 181 208 250 339 457 860 6993 
75, 236.225744, 622.000000, 1024, 0.05
71 91 114 145 185 227 288 385 622 4181 
80, 202.889229, 821.000000, 1024, 0.05
92 119 145 172 200 231 284 394 821 6260 
80, 580.605112, 195.000000, 1024, 0.05
62 68 74 81 88 96 107 129 195 3001 
80, 217.226187, 756.000000, 1024, 0.05
73 83 98 124 170 216 281 373 756 5305 
80, 796.782524, 133.000000, 1024, 0.05
65 72 78 83 88 93 101 112 133 666 
80, 206.337971, 814.000000, 1024, 0.05
97 124 148 174 204 243 309 454 814 3229 
85, 187.565253, 893.000000, 1024, 0.05
112 144 173 204 239 289 381 537 893 5029 
85, 225.278657, 768.000000, 1024, 0.05
85 106 129 153 191 240 296 405 768 5647 
85, 245.150670, 691.000000, 1024, 0.05
75 90 103 123 160 202 256 350 691 6734 
85, 187.852605, 858.000000, 1024, 0.05
93 125 147 171 209 263 318 483 858 10531 
90, 199.964925, 905.000000, 1024, 0.05
120 155 185 219 255 291 367 537 905 7328 
90, 184.263998, 899.000000, 1024, 0.05
109 150 191 222 259 319 407 533 899 5089 
90, 232.480085, 791.000000, 1024, 0.05
71 87 107 128 164 221 279 362 791 9156 
90, 200.610634, 935.000000, 1024, 0.05
116 141 166 194 227 272 338 468 935 9213 
90, 261.894257, 639.000000, 1024, 0.05
84 98 110 127 155 200 253 357 639 4865 
5, 621.105265, 12.000000, 1024, 0.5
4 5 5 6 6 7 8 9 12 218 
5, 584.998545, 13.000000, 1024, 0.5
5 5 5 6 6 7 8 10 13 237 
5, 595.166449, 13.000000, 1024, 0.5
5 5 5 6 6 7 8 10 13 224 
5, 77.731748, 73.000000, 1024, 0.5
12 16 20 25 30 35 42 53 73 6250 
5, 596.990204, 13.000000, 1024, 0.5
4 5 5 6 6 7 8 10 13 403 
10, 821.945308, 18.000000, 1024, 0.5
6 7 8 9 10 12 13 15 18 275 
10, 831.158411, 18.000000, 1024, 0.5
6 7 8 9 10 11 13 15 18 246 
10, 818.464862, 19.000000, 1024, 0.5
6 7 8 9 11 12 13 15 19 248 
10, 572.315223, 24.000000, 1024, 0.5
6 7 8 10 11 12 14 17 24 2118 
10, 830.849687, 18.000000, 1024, 0.5
6 7 8 9 10 12 13 15 18 224 
15, 903.670587, 23.000000, 1024, 0.5
9 10 12 13 14 16 18 20 23 463 
15, 258.016722, 67.000000, 1024, 0.5
10 13 15 17 21 26 34 46 67 8135 
15, 226.216913, 63.000000, 1024, 0.5
11 13 15 18 21 25 32 44 63 10164 
15, 900.635109, 24.000000, 1024, 0.5
9 10 12 13 15 16 18 21 24 275 
15, 285.439927, 63.000000, 1024, 0.5
10 12 14 16 19 23 30 39 63 10564 
20, 665.753852, 36.000000, 1024, 0.5
12 14 16 18 19 21 24 28 36 2477 
20, 380.104798, 79.000000, 1024, 0.5
13 16 18 20 23 27 32 48 79 2834 
20, 509.729340, 59.000000, 1024, 0.5
13 15 17 19 21 23 27 33 59 4112 
20, 252.674437, 90.000000, 1024, 0.5
15 17 20 24 29 37 50 66 90 6435 
20, 239.106632, 96.000000, 1024, 0.5
14 17 20 23 27 34 47 66 96 4618 
25, 175.519412, 215.000000, 1024, 0.5
26 35 43 53 65 79 96 127 215 4902 
25, 954.948877, 35.000000, 1024, 0.5
15 18 20 22 24 26 28 31 35 533 
25, 175.076901, 181.000000, 1024, 0.5
28 36 46 57 68 79 93 115 181 4639 
25, 333.991239, 87.000000, 1024, 0.5
17 20 23 26 30 36 47 62 87 14613 
25, 937.426658, 37.000000, 1024, 0.5
16 19 21 22 24 26 28 32 37 325 
30, 218.988687, 183.000000, 1024, 0.5
25 31 41 54 68 81 97 122 183 6184 
30, 229.052286, 174.000000, 1024, 0.5
22 28 33 41 52 68 86 112 174 6255 
30, 584.885714, 61.000000, 1024, 0.5
20 23 25 27 29 32 35 42 61 6505 
30, 635.320985, 69.000000, 1024, 0.5
20 23 26 29 31 34 38 45 69 2554 
30, 293.503300, 98.000000, 1024, 0.5
21 24 27 29 33 37 45 66 98 9609 
35, 169.469841, 277.000000, 1024, 0.5
48 62 78 92 108 125 147 185 277 7219 
35, 180.522987, 271.000000, 1024, 0.5
37 49 62 74 88 104 128 164 271 4659 
35, 188.072985, 271.000000, 1024, 0.5
36 49 63 77 89 104 125 160 271 8195 
35, 346.498465, 125.000000, 1024, 0.5
26 31 34 38 42 48 58 82 125 6311 
35, 187.988064, 232.000000, 1024, 0.5
36 48 59 71 86 101 121 153 232 5014 
40, 342.169678, 152.000000, 1024, 0.5
32 37 41 45 50 59 77 104 152 6541 
40, 499.563203, 112.000000, 1024, 0.5
29 33 36 39 42 46 52 67 112 4706 
40, 164.391746, 408.000000, 1024, 0.5
45 57 70 81 97 117 148 197 408 6542 
40, 363.293902, 152.000000, 1024, 0.5
30 35 39 44 50 57 73 101 152 4818 
40, 899.211699, 58.000000, 1024, 0.5
28 32 35 38 41 43 47 51 58 526 
45, 405.583517, 176.000000, 1024, 0.5
34 38 44 49 55 63 78 110 176 4861 
45, 224.906212, 306.000000, 1024, 0.5
43 57 71 89 108 124 152 194 306 4705 
45, 310.887076, 223.000000, 1024, 0.5
39 44 50 57 65 83 107 148 223 5399 
45, 251.914398, 284.000000, 1024, 0.5
41 54 69 83 99 117 142 194 284 4724 
45, 838.870870, 71.000000, 1024, 0.5
33 37 40 43 46 49 53 59 71 664 
50, 215.558086, 414.000000, 1024, 0.5
48 67 90 110 135 157 188 239 414 5412 
50, 209.616959, 370.000000, 1024, 0.5
52 69 83 100 117 145 183 237 370 4506 
50, 459.459387, 177.000000, 1024, 0.5
40 45 49 53 57 63 75 106 177 5226 
50, 199.437588, 374.000000, 1024, 0.5
68 89 111 131 152 185 234 280 374 4784 
50, 326.671803, 215.000000, 1024, 0.5
41 47 53 59 68 80 105 148 215 5015 
55, 471.503735, 186.000000, 1024, 0.5
44 49 53 57 62 69 86 121 186 2890 
55, 840.342699, 84.000000, 1024, 0.5
43 49 53 56 59 63 68 74 84 698 
55, 305.486370, 247.000000, 1024, 0.5
42 50 57 64 72 86 108 149 247 5496 
55, 201.448137, 451.000000, 1024, 0.5
71 86 104 122 143 175 211 276 451 4978 
55, 544.471817, 160.000000, 1024, 0.5
44 49 54 58 63 69 76 92 160 5287 
60, 460.377479, 190.000000, 1024, 0.5
45 52 57 61 67 72 80 108 190 4755 
60, 701.902050, 105.000000, 1024, 0.5
46 52 56 60 65 70 75 84 105 2139 
60, 295.509621, 292.000000, 1024, 0.5
57 64 71 77 85 96 121 169 292 7193 
60, 341.429961, 213.000000, 1024, 0.5
49 55 59 64 70 77 100 146 213 6361 
60, 170.217811, 594.000000, 1024, 0.5
62 81 102 126 151 178 211 290 594 7053 
65, 208.511782, 599.000000, 1024, 0.5
69 89 107 126 146 173 206 273 599 7089 
65, 329.887542, 303.000000, 1024, 0.5
56 65 74 83 93 114 153 216 303 5015 
65, 167.716633, 768.000000, 1024, 0.5
80 108 130 154 180 221 272 346 768 9332 
65, 327.997016, 329.000000, 1024, 0.5
56 64 72 81 90 110 145 198 329 5061 
65, 442.306416, 208.000000, 1024, 0.5
63 69 74 80 86 95 110 140 208 2551 
70, 189.228408, 693.000000, 1024, 0.5
77 102 126 148 181 224 286 376 693 7340 
70, 174.195081, 811.000000, 1024, 0.5
113 142 169 208 246 291 346 432 811 5042 
70, 198.251981, 755.000000, 1024, 0.5
80 98 120 143 174 209 266 376 755 7004 
70, 768.035820, 122.000000, 1024, 0.5
47 57 64 69 75 80 87 97 122 2382 
70, 324.434951, 365.000000, 1024, 0.5
62 70 78 86 95 111 141 201 365 5102 
75, 872.739620, 102.000000, 1024, 0.5
63 69 73 77 80 83 88 94 102 648 
75, 192.489835, 757.000000, 1024, 0.5
90 111 137 172 210 251 320 421 757 5122 
75, 182.870214, 788.000000, 1024, 0.5
88 119 145 178 206 246 305 438 788 6880 
75, 445.589045, 292.000000, 1024, 0.5
66 74 79 85 91 101 117 156 292 4782 
75, 193.122687, 741.000000, 1024, 0.5
94 116 143 171 200 243 299 407 741 5915 
80, 303.513458, 425.000000, 1024, 0.5
69 77 84 93 104 124 184 278 425 5214 
80, 178.113645, 843.000000, 1024, 0.5
107 149 184 215 253 311 377 487 843 7151 
80, 196.393818, 781.000000, 1024, 0.5
102 127 154 188 219 257 333 422 781 6623 
85, 235.221871, 724.000000, 1024, 0.5
93 109 125 147 176 212 268 354 724 5478 
85, 166.436501, 1099.000000, 1024, 0.5
85 108 142 178 224 279 354 570 1099 8737 
85, 201.498991, 882.000000, 1024, 0.5
86 101 120 151 196 253 325 422 882 7058 
85, 198.002905, 839.000000, 1024, 0.5
101 133 158 188 225 274 345 453 839 7068 
85, 308.175796, 480.000000, 1024, 0.5
78 89 102 116 136 175 222 309 480 3100 
90, 153.476220, 1014.000000, 1024, 0.5
96 122 164 202 251 316 395 556 1014 13116 
90, 310.895131, 364.000000, 1024, 0.5
53 83 99 112 123 136 168 241 364 7456 
90, 360.582098, 432.000000, 1024, 0.5
91 104 113 121 132 147 185 263 432 4586 
90, 154.251800, 1145.000000, 1024, 0.5
124 151 183 227 269 334 444 731 1145 6555 
90, 196.827340, 916.000000, 1024, 0.5
106 143 180 213 245 295 353 502 916 5443 
5, 589.489156, 13.000000, 1024, 0.95
5 5 5 6 7 8 9 10 13 229 
5, 590.498204, 13.000000, 1024, 0.95
5 5 5 6 7 7 8 10 13 322 
5, 549.230282, 14.000000, 1024, 0.95
5 5 6 6 7 8 9 11 14 237 
5, 556.175909, 14.000000, 1024, 0.95
5 5 6 6 7 8 9 11 14 324 
5, 587.110998, 13.000000, 1024, 0.95
5 5 5 6 7 7 9 10 13 235 
10, 723.302821, 21.000000, 1024, 0.95
6 8 9 10 11 13 15 17 21 227 
10, 767.154685, 20.000000, 1024, 0.95
6 8 9 10 11 12 14 16 20 389 
10, 816.466292, 19.000000, 1024, 0.95
6 7 8 9 10 11 13 15 19 249 
10, 811.296056, 19.000000, 1024, 0.95
6 7 8 9 11 12 13 15 19 217 
10, 799.234324, 19.000000, 1024, 0.95
6 7 8 9 11 12 14 15 19 254 
15, 567.888188, 34.000000, 1024, 0.95
9 11 13 14 16 18 20 24 34 2096 
15, 842.731229, 25.000000, 1024, 0.95
9 11 13 14 16 17 19 21 25 424 
15, 902.281369, 24.000000, 1024, 0.95
9 11 12 13 15 16 18 20 24 261 
15, 882.814589, 25.000000, 1024, 0.95
9 11 12 14 15 16 18 21 25 283 
15, 882.887288, 25.000000, 1024, 0.95
9 11 12 14 15 17 18 21 25 286 
20, 910.643025, 31.000000, 1024, 0.95
12 15 16 18 20 22 24 27 31 299 
20, 217.559182, 106.000000, 1024, 0.95
14 18 22 27 36 48 62 79 106 6083 
20, 922.566193, 31.000000, 1024, 0.95
12 15 16 18 20 22 24 26 31 281 
20, 894.551882, 31.000000, 1024, 0.95
13 15 17 18 20 22 24 27 31 452 
20, 926.829832, 30.000000, 1024, 0.95
12 14 16 18 19 21 23 26 30 332 
25, 891.552403, 37.000000, 1024, 0.95
17 19 21 23 25 27 30 33 37 570 
25, 929.911759, 37.000000, 1024, 0.95
16 19 21 22 24 26 29 32 37 412 
25, 246.666254, 132.000000, 1024, 0.95
18 22 26 30 37 50 71 91 132 6359 
25, 905.527594, 38.000000, 1024, 0.95
16 19 21 23 25 27 30 33 38 394 
25, 178.766392, 194.000000, 1024, 0.95
24 32 43 53 64 76 91 115 194 7031 
30, 305.959344, 140.000000, 1024, 0.95
22 25 28 32 36 44 58 83 140 4652 
30, 384.938988, 109.000000, 1024, 0.95
21 24 27 30 34 39 49 69 109 4390 
30, 938.995209, 43.000000, 1024, 0.95
20 23 25 27 30 32 35 38 43 363 
30, 949.179886, 41.000000, 1024, 0.95
19 22 25 27 29 31 34 37 41 542 
30, 396.652370, 107.000000, 1024, 0.95
22 25 28 31 34 39 47 66 107 6405 
35, 191.164357, 236.000000, 1024, 0.95
38 50 62 76 88 101 118 155 236 12076 
35, 945.527200, 49.000000, 1024, 0.95
24 27 29 32 34 37 40 43 49 340 
35, 239.726159, 208.000000, 1024, 0.95
27 32 39 49 61 78 101 130 208 6532 
35, 182.649157, 315.000000, 1024, 0.95
40 53 64 76 88 102 126 169 315 6826 
35, 893.522432, 53.000000, 1024, 0.95
25 28 31 33 35 38 41 45 53 476 
40, 198.894520, 337.000000, 1024, 0.95
47 63 78 92 109 128 150 185 337 6693 
40, 173.991275, 430.000000, 1024, 0.95
49 66 80 98 114 135 165 212 430 6412 
40, 852.893605, 61.000000, 1024, 0.95
31 35 37 40 43 46 50 55 61 482 
40, 964.276145, 55.000000, 1024, 0.95
27 31 33 36 38 41 44 49 55 361 
40, 237.829948, 190.000000, 1024, 0.95
32 38 45 54 68 85 104 131 190 12511 
45, 255.449937, 220.000000, 1024, 0.95
34 40 47 57 72 98 124 159 220 7102 
45, 184.932531, 330.000000, 1024, 0.95
48 61 72 86 101 120 146 181 330 11248 
45, 276.881167, 230.000000, 1024, 0.95
35 40 46 54 63 81 112 155 230 6813 
45, 179.133493, 393.000000, 1024, 0.95
48 68 85 103 119 143 179 229 393 6808 
45, 211.112132, 389.000000, 1024, 0.95
43 53 65 81 100 123 153 194 389 4702 
50, 848.841660, 76.000000, 1024, 0.95
38 43 48 51 55 58 62 67 76 550 
50, 214.653809, 397.000000, 1024, 0.95
48 62 75 90 108 128 150 192 397 7025 
50, 822.229510, 76.000000, 1024, 0.95
43 47 51 54 57 60 64 69 76 499 
50, 204.088388, 334.000000, 1024, 0.95
48 62 76 94 113 134 159 200 334 8201 
50, 887.926170, 71.000000, 1024, 0.95
36 41 44 47 51 54 58 63 71 2314 
55, 189.042108, 467.000000, 1024, 0.95
60 77 93 114 136 164 196 252 467 8163 
55, 234.859321, 408.000000, 1024, 0.95
54 63 74 90 116 147 181 237 408 6762 
55, 846.997472, 82.000000, 1024, 0.95
44 49 53 57 60 63 68 73 82 563 
55, 560.553027, 135.000000, 1024, 0.95
43 48 52 56 60 64 71 83 135 4157 
55, 196.724429, 434.000000, 1024, 0.95
60 78 96 117 141 164 197 271 434 10715 
60, 185.226145, 566.000000, 1024, 0.95
66 84 102 124 148 181 221 282 566 6303 
60, 799.818264, 95.000000, 1024, 0.95
50 56 61 65 69 73 78 85 95 765 
60, 205.059090, 488.000000, 1024, 0.95
45 63 82 102 128 156 195 255 488 9306 
60, 370.412407, 253.000000, 1024, 0.95
49 54 59 65 74 88 117 165 253 8128 
60, 714.619691, 114.000000, 1024, 0.95
53 60 66 71 77 83 90 99 114 579 
65, 858.280702, 98.000000, 1024, 0.95
30 44 57 63 69 75 81 89 98 2383 
65, 777.101533, 113.000000, 1024, 0.95
54 60 66 71 76 82 90 100 113 634 
65, 390.486469, 266.000000, 1024, 0.95
54 61 67 72 78 89 118 167 266 4530 
65, 213.129196, 546.000000, 1024, 0.95
68 84 104 131 157 186 224 302 546 8145 
65, 276.192197, 442.000000, 1024, 0.95
61 69 78 88 101 126 185 272 442 5453 
70, 827.199080, 106.000000, 1024, 0.95
56 64 69 75 80 85 90 96 106 587 
70, 814.309144, 109.000000, 1024, 0.95
59 65 69 74 79 84 91 98 109 685 
70, 837.501419, 107.000000, 1024, 0.95
59 64 69 72 77 81 86 96 107 591 
70, 190.382431, 666.000000, 1024, 0.95
75 91 113 143 169 201 243 360 666 8776 
70, 798.590338, 112.000000, 1024, 0.95
58 65 71 76 82 87 93 100 112 697 
75, 837.758716, 119.000000, 1024, 0.95
61 66 71 76 81 87 93 103 119 594 
75, 205.386466, 700.000000, 1024, 0.95
78 95 126 154 182 214 266 392 700 7544 
75, 175.211079, 706.000000, 1024, 0.95
97 130 156 181 208 251 337 425 706 8926 
75, 182.198523, 759.000000, 1024, 0.95
118 154 183 210 235 276 341 414 759 5213 
75, 223.207413, 555.000000, 1024, 0.95
60 71 85 108 133 171 223 348 555 8705 
80, 292.900509, 481.000000, 1024, 0.95
75 85 92 99 111 130 176 268 481 6068 
80, 745.291248, 147.000000, 1024, 0.95
71 80 85 91 96 103 110 124 147 706 
80, 173.011933, 945.000000, 1024, 0.95
103 139 169 201 236 273 370 531 945 4796 
80, 730.783096, 136.000000, 1024, 0.95
74 82 88 92 97 105 112 122 136 1072 
80, 214.849351, 653.000000, 1024, 0.95
84 101 119 144 179 218 273 366 653 6565 
85, 166.492925, 1084.000000, 1024, 0.95
126 157 189 225 258 304 426 632 1084 6866 
85, 159.467775, 1071.000000, 1024, 0.95
98 131 166 200 247 324 410 593 1071 10616 
85, 169.280294, 1150.000000, 1024, 0.95
123 150 175 202 236 289 368 613 1150 9039 
85, 791.698897, 134.000000, 1024, 0.95
70 77 83 88 94 102 110 120 134 1074 
85, 205.451736, 826.000000, 1024, 0.95
80 95 110 128 172 230 296 482 826 7146 
90, 203.441664, 844.000000, 1024, 0.95
93 115 145 188 233 291 367 470 844 7284 
90, 181.166149, 890.000000, 1024, 0.95
107 137 161 192 224 262 334 470 890 13847 
90, 238.558460, 754.000000, 1024, 0.95
94 109 122 137 171 218 267 393 754 5099 
90, 246.617302, 662.000000, 1024, 0.95
80 95 109 126 155 201 281 418 662 7110 
90, 168.743139, 1071.000000, 1024, 0.95
122 159 190 223 265 316 415 618 1071 6665 
