5, 2098.823979, 2.000000, 16, 0.05
1 1 1 1 2 2 2 2 2 34 
5, 2343.487429, 2.000000, 16, 0.05
1 1 1 1 1 1 2 2 2 29 
5, 2027.051084, 2.000000, 16, 0.05
1 1 1 1 1 2 2 2 2 379 
5, 1995.730667, 2.000000, 16, 0.05
1 1 1 1 1 2 2 2 2 503 
5, 2053.410860, 2.000000, 16, 0.05
1 1 1 1 1 1 2 2 2 542 
50, 6795.853199, 11.000000, 16, 0.05
4 4 5 5 5 6 6 8 11 125 
50, 6765.248954, 11.000000, 16, 0.05
4 4 4 5 5 5 6 7 11 184 
50, 6724.177635, 11.000000, 16, 0.05
4 4 5 5 5 6 6 7 11 118 
50, 6757.845076, 11.000000, 16, 0.05
4 4 5 5 5 6 6 7 11 135 
50, 6804.708600, 11.000000, 16, 0.05
4 4 5 5 5 6 6 7 11 123 
100, 7340.017257, 20.000000, 16, 0.05
7 8 9 10 10 11 12 15 20 160 
100, 7171.383688, 21.000000, 16, 0.05
7 8 9 10 11 12 13 16 21 151 
100, 6362.894750, 21.000000, 16, 0.05
7 8 8 9 10 10 11 14 21 368 
100, 7249.954039, 19.000000, 16, 0.05
7 8 9 10 10 12 13 15 19 174 
100, 7177.191891, 20.000000, 16, 0.05
7 8 9 9 10 11 12 13 20 1031 
150, 7077.332504, 31.000000, 16, 0.05
11 13 14 15 16 18 21 25 31 174 
150, 7042.655885, 28.000000, 16, 0.05
12 13 14 14 15 17 19 22 28 251 
150, 7194.394232, 29.000000, 16, 0.05
12 13 14 15 16 17 20 23 29 231 
150, 7304.814614, 28.000000, 16, 0.05
11 12 14 15 16 17 19 22 28 197 
150, 7352.636512, 29.000000, 16, 0.05
11 13 14 15 16 17 19 23 29 184 
200, 6085.143058, 43.000000, 16, 0.05
17 19 21 23 26 28 32 36 43 346 
200, 6817.330038, 41.000000, 16, 0.05
15 16 18 19 21 22 24 31 41 340 
200, 7339.609160, 36.000000, 16, 0.05
16 17 18 20 21 23 26 30 36 199 
200, 6881.441062, 40.000000, 16, 0.05
17 19 21 22 24 27 30 34 40 200 
200, 6850.154231, 40.000000, 16, 0.05
17 19 21 22 23 25 28 34 40 197 
250, 6637.487898, 54.000000, 16, 0.05
22 23 25 26 28 32 37 43 54 279 
250, 6832.392360, 50.000000, 16, 0.05
20 23 25 27 29 31 35 42 50 271 
250, 6786.828842, 50.000000, 16, 0.05
21 22 24 26 28 31 36 42 50 259 
250, 7124.821335, 48.000000, 16, 0.05
20 21 23 25 26 29 32 37 48 259 
250, 7064.932696, 48.000000, 16, 0.05
21 23 24 25 27 29 33 39 48 274 
300, 6603.768697, 61.000000, 16, 0.05
25 28 32 34 36 39 45 54 61 256 
300, 6705.705487, 59.000000, 16, 0.05
25 27 30 32 34 38 43 51 59 311 
300, 6935.669585, 62.000000, 16, 0.05
25 27 29 31 33 37 45 51 62 219 
300, 6513.819752, 56.000000, 16, 0.05
25 27 30 31 33 35 41 47 56 405 
300, 6848.029932, 58.000000, 16, 0.05
24 27 29 32 35 39 44 50 58 273 
350, 7002.785889, 65.000000, 16, 0.05
31 33 35 37 40 44 49 55 65 276 
350, 6282.108836, 69.000000, 16, 0.05
29 32 33 36 39 44 52 61 69 416 
350, 6711.274612, 66.000000, 16, 0.05
31 34 36 38 41 45 51 57 66 259 
350, 6497.207391, 65.000000, 16, 0.05
32 34 36 40 44 48 51 55 65 358 
350, 6584.542891, 73.000000, 16, 0.05
31 33 34 36 39 46 55 64 73 311 
400, 5945.292606, 79.000000, 16, 0.05
37 39 42 45 48 52 58 66 79 481 
400, 6157.787930, 85.000000, 16, 0.05
38 41 44 46 51 57 64 71 85 307 
400, 6386.683379, 93.000000, 16, 0.05
34 37 39 42 46 53 64 76 93 317 
400, 6229.768313, 88.000000, 16, 0.05
37 40 42 46 52 56 60 68 88 313 
400, 6236.090801, 84.000000, 16, 0.05
36 39 42 46 50 58 64 70 84 353 
450, 5823.865508, 87.000000, 16, 0.05
38 40 43 47 53 61 73 79 87 530 
450, 5014.423591, 96.000000, 16, 0.05
48 52 58 63 68 72 79 88 96 1350 
450, 5258.971258, 93.000000, 16, 0.05
45 49 53 59 67 73 77 82 93 522 
450, 5842.498390, 85.000000, 16, 0.05
42 46 50 54 58 63 69 75 85 466 
450, 6309.662162, 94.000000, 16, 0.05
41 45 48 52 56 62 70 80 94 333 
500, 6035.704547, 100.000000, 16, 0.05
47 53 58 63 69 76 83 91 100 357 
500, 6140.694558, 104.000000, 16, 0.05
44 48 53 59 64 72 81 88 104 365 
500, 6331.515472, 105.000000, 16, 0.05
45 49 52 55 61 69 81 92 105 367 
500, 6502.264042, 89.000000, 16, 0.05
46 49 52 56 60 66 73 80 89 326 
500, 5673.556046, 97.000000, 16, 0.05
44 47 50 54 58 67 73 82 97 1400 
550, 4893.930286, 128.000000, 16, 0.05
65 70 74 79 85 93 101 110 128 646 
550, 6083.385537, 125.000000, 16, 0.05
53 57 62 68 76 85 92 100 125 381 
550, 6199.528757, 122.000000, 16, 0.05
51 57 60 67 76 81 89 97 122 413 
550, 6186.064269, 127.000000, 16, 0.05
55 58 60 63 68 77 85 94 127 412 
550, 6045.434486, 114.000000, 16, 0.05
58 63 67 71 78 84 90 97 114 361 
600, 6437.388695, 123.000000, 16, 0.05
61 64 66 69 75 81 88 104 123 360 
600, 6122.387571, 133.000000, 16, 0.05
65 68 71 74 76 83 91 98 133 410 
600, 4688.064683, 162.000000, 16, 0.05
71 77 84 92 97 102 108 115 162 709 
600, 6011.436268, 135.000000, 16, 0.05
62 69 74 80 85 92 101 110 135 355 
600, 6125.552281, 117.000000, 16, 0.05
64 68 71 76 82 90 96 104 117 401 
650, 4686.387758, 131.000000, 16, 0.05
68 73 77 83 88 95 103 113 131 589 
650, 5879.534683, 137.000000, 16, 0.05
72 80 85 90 94 97 103 116 137 404 
650, 5762.551974, 127.000000, 16, 0.05
70 78 84 89 93 97 101 108 127 456 
650, 6411.288093, 126.000000, 16, 0.05
63 68 73 80 86 92 98 108 126 404 
650, 4715.015733, 141.000000, 16, 0.05
78 86 91 97 106 112 119 127 141 711 
700, 6068.736151, 136.000000, 16, 0.05
75 80 86 92 99 105 110 117 136 432 
700, 5758.215635, 154.000000, 16, 0.05
73 77 83 93 105 110 117 128 154 454 
700, 5208.717417, 168.000000, 16, 0.05
71 77 81 87 95 103 108 117 168 720 
700, 5187.341166, 168.000000, 16, 0.05
73 78 82 88 93 104 114 121 168 709 
700, 6183.638314, 139.000000, 16, 0.05
74 78 82 87 94 100 106 114 139 444 
750, 5800.193521, 141.000000, 16, 0.05
80 86 92 99 106 111 119 129 141 462 
750, 5242.810333, 154.000000, 16, 0.05
76 80 84 95 103 107 115 124 154 741 
750, 5026.091832, 212.000000, 16, 0.05
75 81 88 96 103 112 118 125 212 820 
750, 5892.212345, 152.000000, 16, 0.05
79 84 90 98 106 113 120 128 152 475 
750, 5137.536040, 153.000000, 16, 0.05
76 81 86 91 98 106 111 122 153 778 
800, 5756.856673, 175.000000, 16, 0.05
87 94 103 111 119 131 138 143 175 453 
800, 4882.811155, 212.000000, 16, 0.05
86 91 96 102 113 126 138 161 212 830 
800, 5194.989840, 186.000000, 16, 0.05
80 87 90 94 102 111 117 130 186 1739 
800, 5950.749792, 160.000000, 16, 0.05
90 93 98 106 112 120 126 138 160 489 
800, 6001.718450, 166.000000, 16, 0.05
92 95 99 104 111 119 125 134 166 438 
850, 5978.217059, 184.000000, 16, 0.05
86 93 105 111 118 126 133 146 184 1401 
850, 5346.156036, 196.000000, 16, 0.05
111 114 119 124 130 137 144 163 196 515 
850, 5848.269676, 184.000000, 16, 0.05
94 97 100 107 117 127 138 148 184 495 
850, 4849.142002, 203.000000, 16, 0.05
101 113 120 128 135 140 146 151 203 763 
850, 4966.360139, 207.000000, 16, 0.05
93 98 104 111 118 124 128 137 207 1790 
900, 5976.070744, 223.000000, 16, 0.05
91 100 106 113 123 130 140 158 223 527 
900, 4422.442909, 254.000000, 16, 0.05
109 121 128 137 145 149 159 176 254 1464 
900, 4809.413865, 228.000000, 16, 0.05
93 97 102 113 127 133 140 150 228 942 
900, 4948.857886, 241.000000, 16, 0.05
99 104 110 117 127 133 139 150 241 1570 
900, 4823.206909, 233.000000, 16, 0.05
102 111 118 123 133 141 150 162 233 831 
5, 1608.287492, 2.000000, 16, 0.5
1 1 1 1 2 2 2 2 2 580 
5, 2278.539218, 2.000000, 16, 0.5
1 1 1 1 1 2 2 2 2 37 
5, 2260.497217, 2.000000, 16, 0.5
1 1 1 1 1 2 2 2 2 48 
5, 1936.921224, 2.000000, 16, 0.5
1 1 1 1 1 2 2 2 2 601 
5, 1848.145991, 2.000000, 16, 0.5
1 1 1 1 1 2 2 2 2 530 
50, 6757.506265, 11.000000, 16, 0.5
4 4 5 5 5 6 7 8 11 107 
50, 6661.817059, 11.000000, 16, 0.5
4 4 5 5 5 6 6 7 11 111 
50, 6347.220407, 12.000000, 16, 0.5
4 5 5 5 6 6 7 8 12 98 
50, 6743.084738, 11.000000, 16, 0.5
4 4 5 5 5 6 6 7 11 1032 
50, 5810.235242, 12.000000, 16, 0.5
4 5 5 6 6 7 7 8 12 208 
100, 6417.193853, 20.000000, 16, 0.5
8 9 10 10 11 12 14 17 20 276 
100, 7382.784906, 20.000000, 16, 0.5
7 8 9 9 10 11 12 15 20 156 
100, 6616.544914, 24.000000, 16, 0.5
8 9 10 10 11 12 14 18 24 154 
100, 7088.551894, 20.000000, 16, 0.5
8 8 9 10 10 12 13 15 20 191 
100, 6908.176208, 22.000000, 16, 0.5
7 8 8 9 10 10 12 14 22 1052 
150, 7015.161841, 29.000000, 16, 0.5
12 13 14 15 16 18 21 24 29 196 
150, 7143.565785, 28.000000, 16, 0.5
12 13 14 15 16 17 18 21 28 227 
150, 7055.884242, 30.000000, 16, 0.5
11 13 14 15 16 17 19 25 30 217 
150, 7096.494220, 30.000000, 16, 0.5
12 13 14 16 17 18 20 25 30 164 
150, 7151.577506, 30.000000, 16, 0.5
12 13 14 15 16 18 20 23 30 190 
200, 6508.806936, 41.000000, 16, 0.5
17 19 20 22 24 25 28 34 41 308 
200, 6902.898377, 41.000000, 16, 0.5
16 18 19 21 22 24 28 35 41 219 
200, 6768.365097, 41.000000, 16, 0.5
16 17 19 20 22 24 27 33 41 259 
200, 7194.389988, 38.000000, 16, 0.5
16 17 19 20 21 23 26 31 38 231 
200, 6318.027322, 41.000000, 16, 0.5
17 19 20 22 24 26 29 34 41 321 
250, 6234.246873, 60.000000, 16, 0.5
21 22 24 26 29 33 39 46 60 332 
250, 6075.193491, 52.000000, 16, 0.5
22 24 26 27 30 33 38 44 52 370 
250, 6389.198497, 55.000000, 16, 0.5
23 25 27 29 32 35 37 41 55 268 
250, 6795.490862, 49.000000, 16, 0.5
21 23 25 27 29 31 35 42 49 261 
250, 6548.911175, 52.000000, 16, 0.5
21 23 25 26 28 30 37 43 52 290 
300, 6370.825241, 67.000000, 16, 0.5
26 29 32 35 38 44 50 57 67 252 
300, 5723.454155, 74.000000, 16, 0.5
28 30 33 35 38 42 47 57 74 415 
300, 5621.999725, 69.000000, 16, 0.5
27 30 32 35 39 42 51 58 69 445 
300, 6105.196637, 63.000000, 16, 0.5
26 29 32 34 36 39 44 52 63 410 
300, 6358.503390, 66.000000, 16, 0.5
25 27 29 31 33 36 45 53 66 371 
350, 6573.657542, 73.000000, 16, 0.5
33 35 37 39 42 46 52 59 73 278 
350, 5938.967832, 72.000000, 16, 0.5
31 33 36 39 43 48 57 62 72 446 
350, 6516.890366, 67.000000, 16, 0.5
30 33 35 39 42 47 53 61 67 330 
350, 6185.187037, 69.000000, 16, 0.5
32 36 40 43 47 52 57 62 69 325 
350, 6826.567687, 66.000000, 16, 0.5
29 32 35 38 40 43 51 58 66 315 
400, 6635.560429, 75.000000, 16, 0.5
36 40 43 46 51 57 62 67 75 294 
400, 5685.556606, 83.000000, 16, 0.5
42 47 50 55 59 65 70 76 83 319 
400, 6133.259199, 82.000000, 16, 0.5
37 39 42 45 50 60 67 72 82 318 
400, 6469.972226, 77.000000, 16, 0.5
37 40 42 45 48 54 59 67 77 320 
400, 5731.727738, 84.000000, 16, 0.5
37 39 42 45 49 56 62 71 84 507 
450, 5428.095903, 82.000000, 16, 0.5
41 44 46 49 55 61 67 73 82 367 
450, 6161.076061, 94.000000, 16, 0.5
42 46 49 53 57 65 76 81 94 343 
450, 6152.430709, 95.000000, 16, 0.5
43 48 52 58 63 68 75 82 95 306 
450, 6276.431158, 92.000000, 16, 0.5
42 46 51 56 62 67 71 76 92 305 
450, 5713.593086, 89.000000, 16, 0.5
43 46 50 54 58 63 68 77 89 526 
500, 5387.978307, 105.000000, 16, 0.5
47 51 55 60 68 76 83 91 105 571 
500, 5744.794935, 103.000000, 16, 0.5
57 62 66 69 72 76 81 88 103 359 
500, 6122.341747, 112.000000, 16, 0.5
45 50 54 57 63 76 83 95 112 359 
500, 6145.196440, 102.000000, 16, 0.5
44 49 53 58 64 72 81 87 102 416 
500, 6168.143257, 95.000000, 16, 0.5
50 54 57 62 69 74 79 85 95 373 
550, 5484.202901, 158.000000, 16, 0.5
57 62 66 69 74 81 87 108 158 520 
550, 5324.859020, 116.000000, 16, 0.5
60 64 69 73 78 83 89 95 116 580 
550, 5760.699983, 123.000000, 16, 0.5
60 66 70 78 84 88 94 106 123 375 
550, 5833.259689, 151.000000, 16, 0.5
59 63 65 69 73 78 87 94 151 468 
550, 5980.731152, 117.000000, 16, 0.5
58 63 69 75 78 82 88 95 117 383 
600, 5393.546338, 131.000000, 16, 0.5
59 64 69 76 83 91 98 105 131 635 
600, 5790.373281, 146.000000, 16, 0.5
63 71 75 81 88 96 105 116 146 388 
600, 5242.433856, 128.000000, 16, 0.5
63 68 70 74 81 91 98 108 128 604 
600, 5402.997161, 133.000000, 16, 0.5
71 79 85 91 94 101 108 116 133 421 
600, 5688.620557, 133.000000, 16, 0.5
64 69 72 77 89 97 103 111 133 453 
650, 6055.516362, 137.000000, 16, 0.5
68 76 80 84 89 92 97 105 137 435 
650, 4534.481046, 154.000000, 16, 0.5
86 92 97 101 105 109 115 125 154 745 
650, 6113.981045, 126.000000, 16, 0.5
67 72 76 82 89 96 104 112 126 410 
650, 5679.916307, 152.000000, 16, 0.5
70 75 80 86 94 105 113 123 152 429 
650, 5412.183267, 136.000000, 16, 0.5
71 80 89 95 104 112 118 123 136 480 
700, 5687.469701, 144.000000, 16, 0.5
79 83 87 91 97 105 113 121 144 1346 
700, 6078.086697, 136.000000, 16, 0.5
75 80 86 94 101 107 114 124 136 394 
700, 5965.013117, 148.000000, 16, 0.5
76 82 87 92 100 109 116 130 148 378 
700, 5539.103799, 159.000000, 16, 0.5
81 88 93 98 105 110 116 127 159 481 
700, 6124.962763, 136.000000, 16, 0.5
71 77 83 92 102 109 116 125 136 385 
750, 5591.758311, 193.000000, 16, 0.5
78 84 91 96 100 109 118 128 193 562 
750, 5517.767030, 152.000000, 16, 0.5
87 93 99 107 113 121 131 137 152 461 
750, 5647.899248, 171.000000, 16, 0.5
85 92 99 108 114 120 126 142 171 486 
750, 5661.899686, 157.000000, 16, 0.5
86 91 96 99 110 120 126 134 157 455 
750, 5780.250347, 147.000000, 16, 0.5
85 89 94 101 111 118 123 133 147 439 
800, 5744.793067, 197.000000, 16, 0.5
89 93 96 101 114 121 127 136 197 541 
800, 6020.404684, 169.000000, 16, 0.5
80 86 93 101 111 125 137 153 169 450 
800, 5430.613954, 161.000000, 16, 0.5
85 90 102 115 124 130 135 143 161 561 
800, 4846.052436, 196.000000, 16, 0.5
89 95 104 110 117 122 131 136 196 1501 
800, 5663.685449, 203.000000, 16, 0.5
85 91 95 101 111 122 129 140 203 538 
850, 5798.446013, 204.000000, 16, 0.5
96 101 107 114 124 129 133 143 204 471 
850, 5504.790642, 199.000000, 16, 0.5
102 107 112 120 128 135 140 148 199 506 
850, 5657.544362, 178.000000, 16, 0.5
94 105 117 125 132 137 145 156 178 481 
850, 5524.303738, 210.000000, 16, 0.5
97 101 107 117 134 141 147 162 210 514 
850, 5514.813936, 198.000000, 16, 0.5
98 109 115 121 128 134 140 149 198 531 
900, 4887.785038, 284.000000, 16, 0.5
97 103 107 114 121 131 139 148 284 1632 
900, 5660.452043, 226.000000, 16, 0.5
95 100 116 123 135 144 150 157 226 513 
900, 5593.869885, 196.000000, 16, 0.5
102 107 114 125 135 145 151 157 196 491 
900, 5815.168389, 198.000000, 16, 0.5
95 103 110 121 135 145 153 159 198 512 
900, 6092.631116, 178.000000, 16, 0.5
91 96 101 113 124 136 142 150 178 483 
5, 2202.896817, 2.000000, 16, 0.95
1 1 1 1 2 2 2 2 2 38 
5, 2216.929555, 2.000000, 16, 0.95
1 1 1 1 1 2 2 2 2 88 
5, 2219.570364, 2.000000, 16, 0.95
1 1 1 1 1 2 2 2 2 34 
5, 2107.768502, 2.000000, 16, 0.95
1 1 1 1 1 2 2 2 2 327 
5, 1746.695758, 2.000000, 16, 0.95
1 1 1 2 2 2 2 2 2 523 
50, 6538.399980, 11.000000, 16, 0.95
4 5 5 5 6 6 7 8 11 103 
50, 6560.998234, 10.000000, 16, 0.95
4 5 5 5 6 6 7 7 10 122 
50, 6603.071534, 10.000000, 16, 0.95
4 4 5 5 5 6 6 7 10 218 
50, 6373.915401, 12.000000, 16, 0.95
4 4 5 5 6 6 7 8 12 160 
50, 6751.149129, 11.000000, 16, 0.95
4 4 5 5 5 6 7 8 11 114 
100, 6620.024279, 21.000000, 16, 0.95
8 9 10 11 11 12 14 16 21 210 
100, 6732.616727, 21.000000, 16, 0.95
8 8 9 10 11 12 13 16 21 210 
100, 5975.610469, 22.000000, 16, 0.95
9 10 11 12 13 14 16 18 22 235 
100, 6902.054899, 20.000000, 16, 0.95
8 8 9 10 10 11 13 16 20 236 
100, 7393.614532, 20.000000, 16, 0.95
7 8 9 10 10 11 12 14 20 166 
150, 6531.610510, 31.000000, 16, 0.95
12 14 15 16 18 19 21 24 31 202 
150, 6765.540147, 33.000000, 16, 0.95
11 13 14 15 16 18 20 27 33 209 
150, 6795.303631, 31.000000, 16, 0.95
12 13 14 16 17 18 21 26 31 224 
150, 6961.449831, 31.000000, 16, 0.95
12 13 14 15 16 18 19 24 31 218 
150, 7325.978344, 28.000000, 16, 0.95
12 13 14 15 16 17 19 24 28 182 
200, 6676.200798, 41.000000, 16, 0.95
17 19 20 22 23 26 30 34 41 244 
200, 6677.739044, 40.000000, 16, 0.95
18 19 20 22 23 26 29 33 40 250 
200, 6537.912547, 39.000000, 16, 0.95
16 19 21 23 24 26 29 33 39 231 
200, 6931.891343, 39.000000, 16, 0.95
17 19 20 21 22 24 27 32 39 217 
200, 7097.649894, 38.000000, 16, 0.95
16 18 20 21 23 24 28 32 38 202 
250, 5932.782693, 53.000000, 16, 0.95
21 24 25 27 30 32 36 40 53 435 
250, 5587.210867, 59.000000, 16, 0.95
24 27 29 31 34 36 40 44 59 420 
250, 5964.341104, 52.000000, 16, 0.95
22 25 27 28 30 34 39 44 52 413 
250, 6160.048500, 58.000000, 16, 0.95
22 25 27 30 33 35 40 46 58 273 
250, 6463.100284, 53.000000, 16, 0.95
22 24 26 27 30 33 37 42 53 240 
300, 5637.393811, 63.000000, 16, 0.95
29 31 33 36 40 43 48 56 63 1090 
300, 5872.190677, 58.000000, 16, 0.95
27 29 31 34 37 41 46 51 58 439 
300, 6207.964268, 63.000000, 16, 0.95
29 32 33 36 39 43 47 56 63 264 
300, 6381.245880, 63.000000, 16, 0.95
27 29 31 33 36 40 45 53 63 304 
300, 6573.175943, 60.000000, 16, 0.95
28 29 32 34 37 40 44 52 60 259 
350, 6398.648589, 72.000000, 16, 0.95
31 33 36 38 42 46 53 58 72 340 
350, 6192.974832, 75.000000, 16, 0.95
33 36 39 42 46 53 57 64 75 291 
350, 6237.581396, 71.000000, 16, 0.95
33 36 38 41 45 51 58 64 71 326 
350, 6308.408100, 71.000000, 16, 0.95
30 33 35 40 47 53 58 63 71 324 
350, 6314.508043, 73.000000, 16, 0.95
31 34 37 41 45 50 57 64 73 321 
400, 6645.005636, 77.000000, 16, 0.95
37 40 42 44 49 53 61 68 77 289 
400, 5729.316796, 80.000000, 16, 0.95
40 42 44 46 48 53 62 69 80 479 
400, 6345.051956, 82.000000, 16, 0.95
36 39 42 47 51 57 64 70 82 323 
400, 5775.427719, 78.000000, 16, 0.95
34 37 40 43 48 54 61 67 78 1395 
400, 6435.686858, 81.000000, 16, 0.95
37 40 44 46 50 56 63 73 81 271 
450, 5894.988933, 97.000000, 16, 0.95
46 50 55 59 63 69 77 87 97 323 
450, 6309.477675, 92.000000, 16, 0.95
41 45 49 55 59 63 68 75 92 331 
450, 6307.529904, 92.000000, 16, 0.95
42 46 49 54 59 66 72 82 92 302 
450, 5511.270981, 107.000000, 16, 0.95
42 44 46 50 60 67 76 85 107 514 
450, 5685.086493, 97.000000, 16, 0.95
40 44 47 50 57 63 70 79 97 551 
500, 6647.953643, 94.000000, 16, 0.95
45 48 51 55 61 68 74 83 94 318 
500, 5821.036685, 103.000000, 16, 0.95
52 57 62 69 74 79 85 91 103 369 
500, 5750.419282, 100.000000, 16, 0.95
50 58 67 72 77 80 86 91 100 328 
500, 6097.567828, 93.000000, 16, 0.95
51 54 57 62 68 74 79 86 93 390 
500, 5120.946161, 117.000000, 16, 0.95
50 54 59 64 67 73 84 95 117 1369 
550, 4617.564379, 133.000000, 16, 0.95
70 77 82 89 92 98 111 120 133 616 
550, 5743.685632, 135.000000, 16, 0.95
56 64 70 76 80 85 92 103 135 375 
550, 4821.186029, 124.000000, 16, 0.95
69 72 76 80 87 94 101 108 124 594 
550, 6116.401704, 108.000000, 16, 0.95
57 60 65 69 75 79 87 94 108 399 
550, 5728.487739, 115.000000, 16, 0.95
62 66 70 75 78 85 93 100 115 399 
600, 6479.915544, 116.000000, 16, 0.95
59 63 67 72 76 82 88 97 116 355 
600, 5404.537580, 128.000000, 16, 0.95
59 66 69 73 78 87 94 106 128 621 
600, 5606.574335, 130.000000, 16, 0.95
69 77 83 87 92 95 101 108 130 405 
600, 5838.171555, 119.000000, 16, 0.95
66 72 77 81 86 92 102 109 119 413 
600, 4965.483361, 140.000000, 16, 0.95
71 79 85 90 94 99 103 110 140 585 
650, 5465.791777, 142.000000, 16, 0.95
82 88 93 97 100 103 107 118 142 433 
650, 6054.137596, 129.000000, 16, 0.95
67 70 73 80 91 100 109 114 129 417 
650, 4602.373890, 143.000000, 16, 0.95
83 88 93 101 107 114 122 133 143 681 
650, 5367.190464, 154.000000, 16, 0.95
75 82 91 101 107 113 119 127 154 416 
700, 5821.431232, 141.000000, 16, 0.95
71 78 84 92 102 109 113 127 141 460 
700, 5467.379912, 165.000000, 16, 0.95
79 84 91 104 111 118 126 135 165 452 
700, 5750.065348, 145.000000, 16, 0.95
76 79 81 87 95 107 117 132 145 482 
700, 6072.330406, 147.000000, 16, 0.95
77 80 84 91 98 103 107 117 147 464 
700, 5352.612287, 172.000000, 16, 0.95
85 90 94 100 110 116 122 143 172 487 
750, 5563.616163, 165.000000, 16, 0.95
94 98 103 108 112 117 126 138 165 460 
750, 5026.222734, 180.000000, 16, 0.95
75 82 89 98 107 118 124 131 180 796 
750, 5533.870396, 171.000000, 16, 0.95
87 94 101 109 114 117 125 141 171 458 
750, 5794.172148, 171.000000, 16, 0.95
84 89 94 99 105 113 120 129 171 450 
750, 5419.215805, 170.000000, 16, 0.95
98 102 107 113 119 124 129 139 170 438 
800, 4225.341380, 227.000000, 16, 0.95
107 115 121 128 137 145 152 165 227 853 
800, 4890.993463, 185.000000, 16, 0.95
82 93 100 106 117 127 133 142 185 832 
800, 5217.669660, 209.000000, 16, 0.95
89 101 111 122 127 136 153 181 209 1357 
800, 4863.925897, 179.000000, 16, 0.95
85 91 99 106 114 119 128 142 179 834 
800, 5471.785726, 190.000000, 16, 0.95
91 101 106 115 121 129 134 144 190 511 
850, 5264.762791, 205.000000, 16, 0.95
103 109 114 121 130 140 151 173 205 482 
850, 5481.518164, 199.000000, 16, 0.95
95 103 111 123 134 140 148 167 199 538 
850, 5732.193220, 192.000000, 16, 0.95
94 102 108 116 126 133 138 149 192 532 
850, 5743.775060, 218.000000, 16, 0.95
95 99 104 114 122 130 136 144 218 508 
850, 5604.079361, 221.000000, 16, 0.95
100 105 110 117 126 135 144 153 221 522 
900, 4342.362749, 339.000000, 16, 0.95
112 123 134 146 153 161 171 182 339 908 
900, 5586.564352, 199.000000, 16, 0.95
107 114 124 130 138 145 151 170 199 486 
900, 5388.085913, 208.000000, 16, 0.95
108 122 129 134 141 152 167 185 208 510 
900, 5485.435005, 228.000000, 16, 0.95
105 111 116 122 130 142 148 162 228 486 
900, 5595.658768, 231.000000, 16, 0.95
106 114 122 128 137 143 149 155 231 541 
5, 1727.675539, 2.000000, 128, 0.05
1 1 1 1 1 2 2 2 2 435 
5, 2078.196044, 2.000000, 128, 0.05
1 1 1 1 1 2 2 2 2 429 
5, 1853.212463, 2.000000, 128, 0.05
1 1 1 1 1 2 2 2 2 561 
5, 2001.037809, 2.000000, 128, 0.05
1 1 1 1 2 2 2 2 2 434 
5, 2239.682537, 2.000000, 128, 0.05
1 1 1 1 1 2 2 2 2 33 
50, 6796.840347, 10.000000, 128, 0.05
4 4 4 5 5 5 6 7 10 200 
50, 6846.510039, 11.000000, 128, 0.05
4 4 5 5 5 5 6 7 11 128 
50, 6740.385531, 11.000000, 128, 0.05
4 4 5 5 5 6 7 8 11 102 
50, 6157.557357, 12.000000, 128, 0.05
4 4 5 5 6 6 7 8 12 133 
50, 6781.799362, 11.000000, 128, 0.05
4 4 5 5 5 6 6 7 11 111 
100, 7155.800642, 21.000000, 128, 0.05
7 8 9 9 10 11 12 14 21 1053 
100, 6895.986044, 21.000000, 128, 0.05
7 8 9 9 10 11 12 15 21 239 
100, 6508.830152, 22.000000, 128, 0.05
7 8 9 10 11 11 13 16 22 298 
100, 6876.583042, 21.000000, 128, 0.05
8 8 9 10 10 11 14 17 21 1041 
100, 7040.436454, 21.000000, 128, 0.05
7 8 9 9 10 11 13 16 21 213 
150, 6541.691236, 32.000000, 128, 0.05
12 13 14 15 16 18 20 24 32 314 
150, 7052.603291, 31.000000, 128, 0.05
12 13 14 15 16 18 20 25 31 206 
150, 7269.792793, 29.000000, 128, 0.05
12 13 14 15 16 18 20 23 29 182 
150, 5846.497090, 33.000000, 128, 0.05
13 14 15 17 18 20 22 26 33 367 
150, 6737.666321, 31.000000, 128, 0.05
12 14 15 16 17 18 20 24 31 225 
200, 7059.938433, 35.000000, 128, 0.05
17 18 20 21 23 25 27 31 35 227 
200, 6581.277227, 39.000000, 128, 0.05
18 20 21 23 24 26 28 32 39 230 
200, 6518.061487, 41.000000, 128, 0.05
15 17 19 21 22 24 27 31 41 357 
200, 6776.801519, 40.000000, 128, 0.05
16 18 19 20 22 24 27 32 40 258 
200, 6879.237424, 39.000000, 128, 0.05
16 17 19 20 21 24 27 33 39 247 
250, 6331.844412, 48.000000, 128, 0.05
22 24 25 27 29 32 36 41 48 356 
250, 6442.449624, 55.000000, 128, 0.05
22 23 25 26 28 32 35 45 55 301 
250, 7372.560867, 49.000000, 128, 0.05
20 21 23 24 26 28 32 38 49 256 
250, 6533.375535, 52.000000, 128, 0.05
22 24 25 28 31 34 37 42 52 276 
250, 6496.420817, 56.000000, 128, 0.05
21 24 26 27 29 33 40 46 56 230 
300, 6501.053414, 58.000000, 128, 0.05
26 29 32 34 38 41 45 49 58 289 
300, 6299.908843, 77.000000, 128, 0.05
26 29 31 33 35 37 42 55 77 294 
300, 6639.761799, 63.000000, 128, 0.05
25 27 29 32 34 37 42 50 63 318 
300, 6496.607033, 64.000000, 128, 0.05
26 28 30 32 35 38 44 54 64 296 
300, 5905.740354, 63.000000, 128, 0.05
27 30 33 36 38 42 47 52 63 408 
350, 6005.500494, 69.000000, 128, 0.05
30 32 33 35 38 42 50 58 69 507 
350, 6759.766077, 65.000000, 128, 0.05
30 32 34 36 39 43 49 56 65 340 
350, 5826.039611, 70.000000, 128, 0.05
32 37 40 42 45 49 54 59 70 1325 
350, 6507.746897, 74.000000, 128, 0.05
30 32 34 36 41 46 53 60 74 344 
350, 6168.495047, 73.000000, 128, 0.05
31 35 39 42 47 51 56 61 73 328 
400, 6506.851950, 76.000000, 128, 0.05
36 40 43 46 51 55 60 65 76 322 
400, 6245.932816, 83.000000, 128, 0.05
36 39 42 46 52 58 63 69 83 333 
400, 6764.624545, 76.000000, 128, 0.05
34 37 39 41 44 48 59 67 76 317 
400, 6658.509775, 72.000000, 128, 0.05
33 37 39 43 46 53 60 65 72 320 
400, 5464.238199, 81.000000, 128, 0.05
41 44 47 50 54 59 64 73 81 501 
450, 6167.863928, 94.000000, 128, 0.05
43 47 50 54 58 63 67 77 94 352 
450, 6000.306277, 90.000000, 128, 0.05
44 49 54 58 62 68 73 79 90 340 
450, 5513.125993, 86.000000, 128, 0.05
39 44 49 54 59 66 73 79 86 567 
450, 6597.704220, 91.000000, 128, 0.05
40 44 46 49 55 62 66 75 91 312 
450, 5748.967656, 93.000000, 128, 0.05
44 48 55 63 68 72 76 84 93 374 
500, 5081.321647, 99.000000, 128, 0.05
55 60 65 69 73 77 82 86 99 643 
500, 5584.326583, 102.000000, 128, 0.05
48 51 53 56 60 65 72 80 102 628 
500, 6206.502499, 106.000000, 128, 0.05
45 49 54 57 64 73 81 90 106 346 
500, 5728.954263, 102.000000, 128, 0.05
47 51 55 62 73 82 89 93 102 431 
500, 6162.404813, 98.000000, 128, 0.05
51 55 59 65 70 74 79 85 98 331 
550, 6019.750604, 121.000000, 128, 0.05
58 61 64 68 73 79 85 99 121 421 
550, 5960.870012, 133.000000, 128, 0.05
57 63 68 71 74 79 82 87 133 409 
550, 5360.407324, 141.000000, 128, 0.05
62 70 75 80 85 90 95 107 141 433 
550, 6157.763545, 126.000000, 128, 0.05
58 62 65 69 74 79 84 92 126 391 
550, 6156.404479, 105.000000, 128, 0.05
55 58 62 69 75 82 87 93 105 381 
600, 5906.697900, 124.000000, 128, 0.05
59 68 73 78 84 89 97 105 124 410 
600, 5420.270456, 133.000000, 128, 0.05
60 64 68 72 79 86 93 104 133 626 
600, 5783.139552, 124.000000, 128, 0.05
65 70 73 80 88 95 101 110 124 1302 
600, 4727.696841, 138.000000, 128, 0.05
78 84 89 93 97 102 109 118 138 641 
600, 6077.230845, 112.000000, 128, 0.05
62 67 71 76 80 85 90 95 112 470 
650, 5386.345766, 130.000000, 128, 0.05
68 72 76 79 85 93 101 110 130 671 
650, 5382.389131, 155.000000, 128, 0.05
77 82 88 92 96 100 105 114 155 518 
650, 5473.010391, 153.000000, 128, 0.05
71 77 86 94 98 104 110 118 153 510 
650, 5651.127659, 133.000000, 128, 0.05
73 79 83 88 92 98 103 110 133 463 
650, 5511.408992, 150.000000, 128, 0.05
72 77 85 93 100 107 114 127 150 449 
700, 5898.105918, 169.000000, 128, 0.05
76 81 84 88 93 101 108 120 169 498 
700, 5596.269692, 173.000000, 128, 0.05
72 78 86 95 105 110 117 130 173 517 
700, 5762.827429, 174.000000, 128, 0.05
74 79 82 87 97 106 118 127 174 492 
700, 5662.345431, 161.000000, 128, 0.05
73 79 84 89 100 108 116 129 161 503 
700, 5550.772113, 162.000000, 128, 0.05
81 86 91 98 107 112 118 122 162 494 
750, 5443.771216, 180.000000, 128, 0.05
85 91 99 104 113 121 132 148 180 511 
750, 4920.654127, 200.000000, 128, 0.05
77 82 90 95 106 117 128 140 200 772 
750, 5764.875711, 171.000000, 128, 0.05
84 88 92 99 107 114 120 130 171 448 
750, 5977.597812, 143.000000, 128, 0.05
85 91 95 100 105 110 122 134 143 405 
750, 5837.529969, 167.000000, 128, 0.05
85 88 93 98 103 111 120 127 167 464 
800, 5751.537889, 165.000000, 128, 0.05
87 93 98 105 114 121 131 138 165 506 
800, 5114.200776, 172.000000, 128, 0.05
77 84 90 100 109 119 129 136 172 788 
800, 5582.443647, 191.000000, 128, 0.05
88 97 104 109 117 123 131 143 191 515 
800, 4495.140481, 190.000000, 128, 0.05
104 111 117 123 130 135 142 155 190 832 
800, 5955.095593, 165.000000, 128, 0.05
85 89 95 103 114 122 127 134 165 456 
850, 5440.446862, 180.000000, 128, 0.05
89 96 107 116 127 136 143 156 180 571 
850, 5550.892001, 183.000000, 128, 0.05
95 103 109 117 125 131 138 151 183 553 
850, 5843.731028, 171.000000, 128, 0.05
92 96 100 104 116 128 133 142 171 484 
850, 4855.471001, 220.000000, 128, 0.05
97 102 108 118 125 129 133 141 220 821 
850, 5836.614984, 188.000000, 128, 0.05
93 100 106 113 125 136 146 154 188 481 
900, 5690.013780, 213.000000, 128, 0.05
94 103 110 117 129 135 139 150 213 549 
900, 5556.593679, 218.000000, 128, 0.05
104 109 117 125 136 142 152 162 218 515 
900, 5640.350177, 242.000000, 128, 0.05
101 106 111 118 128 133 144 157 242 590 
900, 5602.919330, 226.000000, 128, 0.05
99 103 108 117 127 143 150 156 226 1384 
900, 5931.697459, 201.000000, 128, 0.05
96 103 113 120 129 137 143 153 201 521 
5, 2206.382267, 2.000000, 128, 0.5
1 1 1 1 2 2 2 2 2 40 
5, 2249.839627, 2.000000, 128, 0.5
1 1 1 1 1 1 2 2 2 251 
5, 2290.857895, 2.000000, 128, 0.5
1 1 1 1 1 1 2 2 2 36 
5, 2263.080482, 2.000000, 128, 0.5
1 1 1 1 1 2 2 2 2 40 
50, 6272.441168, 11.000000, 128, 0.5
4 5 5 5 6 6 7 8 11 128 
50, 6140.926287, 12.000000, 128, 0.5
4 4 5 5 6 6 7 9 12 157 
50, 6345.771768, 12.000000, 128, 0.5
4 5 5 5 6 6 7 8 12 104 
50, 6152.653735, 12.000000, 128, 0.5
4 5 5 5 6 6 7 8 12 151 
50, 6099.349907, 13.000000, 128, 0.5
4 5 5 5 6 6 7 8 13 111 
100, 6521.422029, 24.000000, 128, 0.5
8 9 10 11 12 13 15 19 24 147 
100, 6498.794094, 23.000000, 128, 0.5
8 9 10 11 12 13 15 18 23 166 
100, 6914.965380, 21.000000, 128, 0.5
8 9 10 11 12 13 14 17 21 136 
100, 6409.799581, 23.000000, 128, 0.5
8 9 10 11 12 13 15 18 23 172 
100, 6857.150316, 23.000000, 128, 0.5
8 9 9 10 11 12 13 16 23 172 
150, 6321.752068, 35.000000, 128, 0.5
12 13 15 17 18 20 25 28 35 204 
150, 6223.449032, 35.000000, 128, 0.5
12 14 16 17 19 22 25 28 35 223 
150, 6216.807470, 37.000000, 128, 0.5
11 13 15 16 19 21 26 31 37 192 
150, 6313.930603, 36.000000, 128, 0.5
12 14 15 16 18 20 23 28 36 225 
150, 6007.499236, 36.000000, 128, 0.5
13 14 16 17 19 20 24 29 36 275 
200, 6311.355483, 46.000000, 128, 0.5
16 18 21 23 25 28 33 38 46 242 
200, 5662.375383, 54.000000, 128, 0.5
16 19 21 24 26 28 34 40 54 326 
200, 6252.631142, 45.000000, 128, 0.5
16 18 20 22 26 30 35 39 45 246 
200, 5676.246146, 55.000000, 128, 0.5
17 19 21 23 27 34 40 46 55 225 
200, 5986.074524, 50.000000, 128, 0.5
17 19 21 25 28 31 34 39 50 215 
250, 5944.604854, 58.000000, 128, 0.5
21 25 27 30 34 38 43 48 58 301 
250, 6027.000710, 59.000000, 128, 0.5
20 22 25 28 32 37 43 50 59 316 
250, 6201.104435, 65.000000, 128, 0.5
20 23 24 27 30 36 42 50 65 271 
250, 6033.022053, 59.000000, 128, 0.5
21 24 27 30 32 37 42 50 59 274 
250, 5210.099383, 64.000000, 128, 0.5
24 27 30 33 36 44 50 57 64 412 
300, 5973.972700, 70.000000, 128, 0.5
27 30 33 36 39 43 53 60 70 298 
300, 5713.152930, 69.000000, 128, 0.5
24 27 30 33 38 46 54 60 69 428 
300, 6144.221097, 67.000000, 128, 0.5
24 27 31 36 41 47 55 60 67 256 
300, 6111.975122, 69.000000, 128, 0.5
26 28 32 36 40 47 53 61 69 253 
300, 5977.293579, 71.000000, 128, 0.5
26 29 31 35 40 47 55 61 71 286 
350, 5140.447306, 84.000000, 128, 0.5
33 36 39 43 48 60 66 73 84 497 
350, 6046.915562, 81.000000, 128, 0.5
31 34 37 43 49 57 64 71 81 294 
350, 5991.000794, 79.000000, 128, 0.5
29 32 35 41 49 58 68 73 79 338 
350, 6136.439985, 78.000000, 128, 0.5
29 33 38 44 50 57 63 69 78 279 
350, 5928.604134, 75.000000, 128, 0.5
30 34 40 45 50 54 60 66 75 337 
400, 5364.837804, 107.000000, 128, 0.5
37 42 47 56 64 70 76 87 107 340 
400, 5618.369264, 101.000000, 128, 0.5
33 38 43 54 62 67 74 83 101 336 
400, 5369.661265, 104.000000, 128, 0.5
39 44 51 57 63 71 78 85 104 321 
400, 5503.822616, 106.000000, 128, 0.5
35 39 42 47 56 70 78 84 106 327 
400, 5369.410852, 93.000000, 128, 0.5
34 36 40 47 56 67 76 81 93 480 
450, 5530.474815, 104.000000, 128, 0.5
40 47 55 66 74 79 85 90 104 357 
450, 5966.431358, 109.000000, 128, 0.5
37 41 45 54 66 74 81 91 109 329 
450, 5813.706068, 107.000000, 128, 0.5
40 44 49 58 65 73 83 90 107 327 
450, 5612.158357, 104.000000, 128, 0.5
44 49 57 64 72 79 84 91 104 306 
450, 5635.144873, 102.000000, 128, 0.5
43 47 55 60 69 78 87 94 102 352 
500, 5344.617788, 125.000000, 128, 0.5
47 52 58 68 83 96 103 111 125 362 
500, 4779.076516, 122.000000, 128, 0.5
50 57 70 76 86 95 101 107 122 561 
500, 5523.764966, 113.000000, 128, 0.5
45 50 56 66 78 84 90 98 113 385 
500, 4823.773218, 133.000000, 128, 0.5
48 52 56 66 76 91 102 116 133 616 
500, 5721.463558, 108.000000, 128, 0.5
47 52 58 64 71 85 92 99 108 414 
550, 4353.946134, 162.000000, 128, 0.5
71 78 83 92 100 108 115 130 162 621 
550, 5302.727017, 135.000000, 128, 0.5
51 59 73 84 91 100 107 116 135 398 
550, 5537.837616, 117.000000, 128, 0.5
58 66 74 81 87 93 99 106 117 392 
550, 5295.347439, 136.000000, 128, 0.5
53 65 73 78 85 90 104 119 136 438 
550, 5148.109425, 149.000000, 128, 0.5
62 69 73 78 85 93 103 117 149 453 
600, 4388.765838, 175.000000, 128, 0.5
66 72 79 97 111 122 129 137 175 709 
600, 5582.632686, 138.000000, 128, 0.5
59 70 76 83 92 102 111 120 138 420 
600, 5215.536375, 141.000000, 128, 0.5
62 77 90 98 107 113 121 128 141 386 
600, 5548.261712, 136.000000, 128, 0.5
62 67 71 79 90 99 110 120 136 442 
600, 5221.629566, 150.000000, 128, 0.5
55 65 78 88 103 112 121 129 150 464 
650, 5062.188318, 189.000000, 128, 0.5
71 78 87 99 111 119 125 136 189 499 
650, 5444.822284, 172.000000, 128, 0.5
65 71 76 86 98 114 121 142 172 434 
650, 4920.753291, 179.000000, 128, 0.5
79 87 95 105 116 126 137 150 179 429 
650, 4859.144159, 304.000000, 128, 0.5
66 73 83 91 104 114 127 139 304 436 
650, 4688.667118, 181.000000, 128, 0.5
71 81 89 105 122 131 151 168 181 491 
700, 4715.066464, 173.000000, 128, 0.5
76 85 90 97 106 121 132 140 173 799 
700, 5302.613810, 232.000000, 128, 0.5
75 81 86 94 104 117 130 161 232 414 
700, 4572.673647, 196.000000, 128, 0.5
75 81 89 103 111 121 130 139 196 1609 
700, 4230.019843, 192.000000, 128, 0.5
87 96 105 121 138 151 160 167 192 726 
700, 5204.230508, 206.000000, 128, 0.5
77 88 95 103 110 124 131 141 206 514 
750, 5060.964984, 196.000000, 128, 0.5
80 94 104 113 120 133 156 167 196 544 
750, 5291.963302, 169.000000, 128, 0.5
83 90 99 113 127 135 140 147 169 492 
750, 5454.723533, 211.000000, 128, 0.5
82 92 103 113 120 127 133 141 211 456 
750, 5264.918151, 184.000000, 128, 0.5
78 85 101 111 124 133 144 160 184 485 
800, 4857.178897, 196.000000, 128, 0.5
85 93 107 141 151 157 167 177 196 603 
800, 5060.349933, 201.000000, 128, 0.5
86 93 102 126 142 154 175 183 201 490 
800, 5195.309542, 251.000000, 128, 0.5
82 92 100 118 129 141 152 165 251 498 
800, 4620.148164, 311.000000, 128, 0.5
99 105 117 128 136 148 183 215 311 532 
800, 4803.903439, 376.000000, 128, 0.5
87 96 103 112 123 135 143 173 376 553 
850, 4428.741421, 260.000000, 128, 0.5
89 97 107 125 140 153 168 193 260 1614 
850, 4802.057453, 209.000000, 128, 0.5
105 116 129 146 152 159 166 178 209 515 
850, 4979.023201, 244.000000, 128, 0.5
97 112 126 139 152 160 179 194 244 542 
850, 4870.433786, 246.000000, 128, 0.5
90 100 107 134 151 165 190 205 246 564 
850, 5158.115727, 209.000000, 128, 0.5
82 91 112 136 147 159 169 181 209 562 
900, 5297.644944, 231.000000, 128, 0.5
98 107 113 132 147 155 166 179 231 532 
900, 5383.262296, 215.000000, 128, 0.5
106 114 123 131 141 150 169 178 215 512 
900, 4690.028263, 271.000000, 128, 0.5
104 111 122 131 162 176 197 232 271 647 
900, 4131.511211, 376.000000, 128, 0.5
87 100 108 150 163 182 210 241 376 926 
900, 5239.537714, 238.000000, 128, 0.5
98 108 120 139 153 160 168 187 238 556 
5, 2157.086695, 2.000000, 128, 0.95
1 1 1 1 2 2 2 2 2 46 
5, 1687.164832, 2.000000, 128, 0.95
1 1 1 1 2 2 2 2 2 572 
5, 2293.317855, 2.000000, 128, 0.95
1 1 1 1 1 2 2 2 2 23 
5, 1957.178378, 2.000000, 128, 0.95
1 1 1 1 2 2 2 2 2 485 
5, 2052.056543, 2.000000, 128, 0.95
1 1 1 1 2 2 2 2 2 312 
50, 6145.473632, 12.000000, 128, 0.95
4 5 5 5 6 6 7 8 12 118 
50, 5989.642791, 12.000000, 128, 0.95
4 5 5 6 6 7 7 9 12 113 
50, 6030.133635, 12.000000, 128, 0.95
4 5 5 6 6 7 8 9 12 111 
50, 6172.124690, 12.000000, 128, 0.95
4 5 5 6 6 7 7 9 12 107 
50, 5849.263130, 13.000000, 128, 0.95
5 5 6 6 6 7 8 9 13 111 
100, 4934.318702, 25.000000, 128, 0.95
9 10 11 12 13 14 15 19 25 392 
100, 6216.301716, 24.000000, 128, 0.95
9 10 11 12 12 13 15 19 24 166 
100, 6114.144773, 23.000000, 128, 0.95
9 10 11 12 13 15 16 19 23 167 
100, 5636.337657, 27.000000, 128, 0.95
9 11 12 13 14 16 18 21 27 158 
100, 6324.562777, 23.000000, 128, 0.95
8 9 10 11 12 13 14 17 23 187 
150, 5175.566723, 39.000000, 128, 0.95
15 17 19 21 23 25 28 32 39 303 
150, 5418.903196, 42.000000, 128, 0.95
15 17 19 20 21 23 26 32 42 237 
150, 5829.114707, 40.000000, 128, 0.95
14 16 17 19 20 22 24 30 40 208 
150, 5385.097907, 37.000000, 128, 0.95
15 17 18 20 22 24 27 31 37 303 
150, 6013.421447, 35.000000, 128, 0.95
15 16 18 19 20 22 25 29 35 177 
200, 5376.315956, 49.000000, 128, 0.95
23 26 28 30 32 35 37 43 49 215 
200, 5831.611238, 46.000000, 128, 0.95
19 22 25 27 29 31 33 38 46 224 
200, 5493.478519, 51.000000, 128, 0.95
20 23 25 28 31 34 39 44 51 220 
200, 5693.598324, 52.000000, 128, 0.95
20 22 25 27 29 33 36 40 52 226 
200, 5650.954157, 47.000000, 128, 0.95
20 22 25 27 29 32 36 39 47 268 
250, 5236.764535, 69.000000, 128, 0.95
24 28 32 36 40 44 50 57 69 274 
250, 5562.718170, 63.000000, 128, 0.95
24 27 31 34 38 41 46 52 63 295 
250, 5315.581556, 66.000000, 128, 0.95
27 32 35 37 41 44 48 54 66 258 
250, 5341.652731, 62.000000, 128, 0.95
25 29 32 35 39 43 47 53 62 313 
250, 5057.018529, 72.000000, 128, 0.95
30 32 35 37 40 44 50 58 72 269 
300, 5630.564063, 71.000000, 128, 0.95
30 35 40 43 47 52 55 60 71 254 
300, 4738.754547, 92.000000, 128, 0.95
34 38 41 45 49 54 60 70 92 417 
300, 5072.424061, 75.000000, 128, 0.95
32 36 41 44 47 52 56 62 75 447 
300, 5675.407632, 70.000000, 128, 0.95
27 33 37 41 47 51 54 59 70 275 
300, 5156.686813, 75.000000, 128, 0.95
33 36 38 42 48 55 61 67 75 337 
350, 5112.500617, 86.000000, 128, 0.95
39 44 48 53 58 62 66 71 86 420 
350, 5362.785278, 100.000000, 128, 0.95
34 39 44 50 57 62 70 80 100 290 
350, 5108.597362, 90.000000, 128, 0.95
35 44 51 56 62 66 71 79 90 310 
350, 4986.332085, 87.000000, 128, 0.95
36 40 44 49 56 65 70 74 87 502 
350, 5000.285244, 87.000000, 128, 0.95
40 46 52 57 61 65 69 75 87 342 
400, 5181.825465, 98.000000, 128, 0.95
48 53 59 64 69 75 80 86 98 300 
400, 5255.089443, 96.000000, 128, 0.95
41 48 57 63 70 76 81 87 96 305 
400, 5475.739039, 100.000000, 128, 0.95
42 48 52 56 65 72 78 84 100 300 
400, 5411.662730, 98.000000, 128, 0.95
41 46 51 59 66 72 79 86 98 296 
400, 5179.894654, 99.000000, 128, 0.95
39 48 57 63 68 72 78 87 99 367 
450, 4197.976568, 127.000000, 128, 0.95
60 66 74 82 91 100 106 112 127 542 
450, 5040.221263, 112.000000, 128, 0.95
55 62 67 73 80 86 93 99 112 339 
450, 4286.259083, 127.000000, 128, 0.95
47 62 76 81 87 94 99 109 127 569 
450, 5166.767096, 117.000000, 128, 0.95
49 54 61 71 79 86 90 97 117 320 
450, 4793.737930, 117.000000, 128, 0.95
54 61 68 74 83 90 98 103 117 383 
500, 4779.200034, 129.000000, 128, 0.95
65 74 79 84 88 94 100 110 129 416 
500, 5147.732187, 127.000000, 128, 0.95
59 66 72 77 84 94 104 116 127 323 
500, 4787.198731, 135.000000, 128, 0.95
66 73 79 84 90 94 99 113 135 400 
500, 4532.280146, 142.000000, 128, 0.95
61 69 80 93 102 110 117 126 142 401 
500, 4961.654932, 144.000000, 128, 0.95
66 71 75 81 85 89 94 104 144 357 
550, 4508.574620, 120.000000, 128, 0.95
63 71 77 87 93 99 104 110 120 1440 
550, 5053.276433, 151.000000, 128, 0.95
65 72 77 87 96 105 113 127 151 452 
550, 4294.402617, 157.000000, 128, 0.95
66 75 82 91 102 118 126 134 157 1344 
550, 5006.819273, 158.000000, 128, 0.95
59 67 74 87 96 103 110 130 158 470 
550, 4963.605940, 140.000000, 128, 0.95
70 76 81 89 95 101 108 122 140 405 
600, 5015.998449, 142.000000, 128, 0.95
80 88 94 99 104 110 116 123 142 411 
600, 3816.446620, 179.000000, 128, 0.95
81 89 97 108 117 127 137 152 179 521 
600, 5058.249228, 156.000000, 128, 0.95
71 78 92 100 105 110 119 137 156 402 
600, 4512.357769, 206.000000, 128, 0.95
76 92 100 105 114 125 136 152 206 475 
600, 4953.547659, 148.000000, 128, 0.95
80 87 95 101 107 111 116 122 148 461 
650, 5067.411746, 174.000000, 128, 0.95
77 89 97 106 113 120 135 146 174 434 
650, 5089.561153, 175.000000, 128, 0.95
73 86 97 111 119 130 139 153 175 412 
650, 4315.223569, 198.000000, 128, 0.95
67 86 100 112 122 130 137 150 198 722 
650, 4779.324190, 182.000000, 128, 0.95
76 86 101 119 128 133 141 151 182 449 
650, 4668.598623, 182.000000, 128, 0.95
92 102 112 117 122 129 139 156 182 458 
700, 4772.189810, 186.000000, 128, 0.95
89 102 113 122 129 135 141 151 186 531 
700, 4759.546207, 208.000000, 128, 0.95
91 103 113 120 127 137 151 186 208 429 
700, 3808.493485, 222.000000, 128, 0.95
104 121 133 145 152 160 175 189 222 781 
700, 4789.264188, 202.000000, 128, 0.95
93 104 112 119 125 133 146 164 202 479 
700, 4192.488238, 223.000000, 128, 0.95
86 101 115 123 130 139 148 170 223 706 
750, 4689.661511, 212.000000, 128, 0.95
102 112 121 129 137 152 165 179 212 514 
750, 4843.374216, 190.000000, 128, 0.95
107 114 122 131 138 146 151 163 190 506 
750, 4158.604557, 215.000000, 128, 0.95
91 107 121 131 144 151 158 168 215 830 
750, 4304.474695, 233.000000, 128, 0.95
99 111 129 138 149 161 178 200 233 587 
750, 4850.752745, 196.000000, 128, 0.95
104 114 122 129 137 144 153 162 196 460 
800, 4772.004334, 214.000000, 128, 0.95
99 123 134 144 152 159 168 180 214 524 
800, 5061.470407, 194.000000, 128, 0.95
100 117 129 137 143 153 163 173 194 469 
800, 4316.644287, 204.000000, 128, 0.95
105 115 123 129 137 143 148 165 204 810 
800, 4398.868642, 218.000000, 128, 0.95
111 121 134 150 162 174 184 195 218 539 
800, 4823.384010, 199.000000, 128, 0.95
107 120 130 139 146 154 162 174 199 509 
850, 3814.903715, 407.000000, 128, 0.95
94 111 136 149 157 170 189 246 407 852 
850, 4637.809196, 249.000000, 128, 0.95
115 141 150 158 166 173 185 194 249 529 
850, 3494.842105, 312.000000, 128, 0.95
117 141 153 161 169 176 183 191 312 939 
850, 4450.918792, 252.000000, 128, 0.95
113 130 153 169 183 189 199 220 252 532 
850, 4403.043742, 322.000000, 128, 0.95
106 120 136 155 169 179 193 207 322 536 
900, 4684.823527, 242.000000, 128, 0.95
130 140 154 163 172 188 198 207 242 504 
900, 4867.797614, 232.000000, 128, 0.95
125 140 150 159 165 173 180 192 232 494 
900, 3960.337287, 254.000000, 128, 0.95
134 149 163 171 181 190 201 214 254 556 
900, 4849.940560, 231.000000, 128, 0.95
128 142 152 158 166 171 178 193 231 1428 
900, 4951.206812, 256.000000, 128, 0.95
112 127 138 146 160 173 190 209 256 525 
5, 2159.856036, 2.000000, 1024, 0.05
1 1 1 1 2 2 2 2 2 33 
5, 1612.519096, 2.000000, 1024, 0.05
1 1 1 2 2 2 2 2 2 748 
5, 2128.165761, 2.000000, 1024, 0.05
1 1 1 1 2 2 2 2 2 103 
5, 1794.285916, 2.000000, 1024, 0.05
1 1 1 1 2 2 2 2 2 462 
5, 2189.976936, 2.000000, 1024, 0.05
1 1 1 1 2 2 2 2 2 36 
50, 5868.788827, 13.000000, 1024, 0.05
4 4 5 5 6 6 7 8 13 138 
50, 5777.693934, 15.000000, 1024, 0.05
4 4 5 5 6 6 7 9 15 119 
50, 6534.967019, 11.000000, 1024, 0.05
4 4 5 5 5 6 6 7 11 106 
50, 5693.322073, 11.000000, 1024, 0.05
4 4 5 5 6 6 7 8 11 185 
50, 5887.953275, 12.000000, 1024, 0.05
4 4 5 5 6 6 7 9 12 142 
100, 6635.459970, 26.000000, 1024, 0.05
8 8 9 10 11 12 14 18 26 170 
100, 6875.444820, 21.000000, 1024, 0.05
7 8 9 10 10 11 13 16 21 170 
100, 6460.491803, 23.000000, 1024, 0.05
8 9 9 10 11 12 14 17 23 210 
100, 6316.819550, 25.000000, 1024, 0.05
8 9 9 10 11 12 14 18 25 194 
100, 6563.119844, 23.000000, 1024, 0.05
8 9 9 10 11 12 14 16 23 173 
150, 6185.853878, 31.000000, 1024, 0.05
12 13 14 16 17 18 21 24 31 206 
150, 6224.368320, 31.000000, 1024, 0.05
12 13 14 15 16 18 21 25 31 237 
150, 6356.776758, 31.000000, 1024, 0.05
11 13 14 15 16 17 19 24 31 347 
150, 6248.714050, 35.000000, 1024, 0.05
11 12 13 14 15 17 20 25 35 276 
150, 6165.756023, 37.000000, 1024, 0.05
12 13 14 16 17 19 21 25 37 229 
200, 5854.088404, 42.000000, 1024, 0.05
16 17 19 21 23 25 27 32 42 313 
200, 5991.492976, 44.000000, 1024, 0.05
16 18 19 21 22 25 28 32 44 416 
200, 5942.075812, 48.000000, 1024, 0.05
15 17 18 19 21 23 27 33 48 360 
200, 6262.243861, 40.000000, 1024, 0.05
16 18 20 21 22 23 26 30 40 341 
200, 6307.752656, 47.000000, 1024, 0.05
16 18 19 20 22 24 28 35 47 267 
250, 5681.072609, 62.000000, 1024, 0.05
20 21 23 25 27 30 36 46 62 453 
250, 5925.281048, 55.000000, 1024, 0.05
20 23 25 27 28 30 33 43 55 340 
250, 6204.299098, 52.000000, 1024, 0.05
21 23 25 26 28 31 34 39 52 293 
250, 6581.006821, 47.000000, 1024, 0.05
19 21 22 24 27 29 33 38 47 363 
250, 5868.659529, 56.000000, 1024, 0.05
22 24 26 28 31 35 39 46 56 325 
300, 5925.798807, 65.000000, 1024, 0.05
27 30 32 34 37 40 45 56 65 381 
300, 5820.001482, 90.000000, 1024, 0.05
24 27 29 32 35 38 43 53 90 305 
300, 6007.588459, 65.000000, 1024, 0.05
24 27 29 31 34 36 42 49 65 342 
300, 5415.129802, 62.000000, 1024, 0.05
27 30 32 35 38 42 46 51 62 526 
300, 5471.198983, 70.000000, 1024, 0.05
25 27 29 32 35 38 43 51 70 546 
350, 5940.048087, 86.000000, 1024, 0.05
30 32 34 36 39 42 46 56 86 398 
350, 5516.541547, 80.000000, 1024, 0.05
33 35 37 39 42 47 55 64 80 521 
350, 5569.743450, 87.000000, 1024, 0.05
31 34 36 38 40 43 52 64 87 476 
350, 6144.942027, 69.000000, 1024, 0.05
33 36 38 40 42 45 53 59 69 391 
350, 5964.138364, 76.000000, 1024, 0.05
31 34 36 38 40 43 48 60 76 410 
400, 5845.394902, 108.000000, 1024, 0.05
36 40 43 46 50 55 61 69 108 400 
400, 5712.683391, 82.000000, 1024, 0.05
36 38 40 42 45 50 59 68 82 560 
400, 5453.013937, 103.000000, 1024, 0.05
37 40 45 50 54 59 63 74 103 405 
400, 6163.474772, 83.000000, 1024, 0.05
38 41 43 47 50 53 58 67 83 371 
400, 5660.131023, 92.000000, 1024, 0.05
36 39 43 48 51 54 59 72 92 360 
450, 6002.356544, 87.000000, 1024, 0.05
41 46 50 53 56 60 65 75 87 425 
450, 6067.494226, 96.000000, 1024, 0.05
40 42 44 47 53 59 67 77 96 413 
450, 5125.865591, 102.000000, 1024, 0.05
41 43 45 48 54 61 73 84 102 686 
450, 6013.971726, 96.000000, 1024, 0.05
40 43 45 47 51 58 66 76 96 456 
450, 5870.748692, 84.000000, 1024, 0.05
41 45 49 54 58 63 68 75 84 457 
500, 4253.385415, 125.000000, 1024, 0.05
45 51 57 64 68 72 79 94 125 582 
500, 5422.999010, 106.000000, 1024, 0.05
47 50 53 56 59 68 76 84 106 606 
500, 5766.148497, 106.000000, 1024, 0.05
49 54 58 62 66 72 79 87 106 439 
500, 5221.570024, 110.000000, 1024, 0.05
46 51 56 59 65 70 77 85 110 666 
500, 5434.146403, 111.000000, 1024, 0.05
46 50 54 59 64 70 77 83 111 586 
550, 5557.710283, 131.000000, 1024, 0.05
55 60 63 68 73 81 88 98 131 508 
550, 5383.883804, 134.000000, 1024, 0.05
59 64 68 73 77 81 88 96 134 607 
550, 6014.666787, 118.000000, 1024, 0.05
51 56 60 65 72 81 88 95 118 436 
550, 5290.413907, 131.000000, 1024, 0.05
59 64 68 73 78 83 89 98 131 548 
550, 5463.860714, 129.000000, 1024, 0.05
58 67 73 77 82 88 93 98 129 481 
600, 5191.886144, 145.000000, 1024, 0.05
64 70 74 79 86 91 99 106 145 502 
600, 5339.366453, 182.000000, 1024, 0.05
63 68 72 78 85 91 98 115 182 569 
600, 5609.461603, 157.000000, 1024, 0.05
57 67 71 79 85 90 98 111 157 496 
600, 5752.139039, 146.000000, 1024, 0.05
62 65 71 77 82 87 93 99 146 487 
600, 5493.938828, 174.000000, 1024, 0.05
60 64 70 76 82 90 97 107 174 500 
650, 5114.128767, 272.000000, 1024, 0.05
63 68 74 82 88 94 104 115 272 740 
650, 5243.298092, 222.000000, 1024, 0.05
68 74 81 86 91 97 105 116 222 611 
650, 5411.520268, 185.000000, 1024, 0.05
71 75 79 85 91 102 108 117 185 525 
650, 5373.381461, 143.000000, 1024, 0.05
75 80 85 89 93 100 109 116 143 477 
650, 4936.955137, 241.000000, 1024, 0.05
78 83 86 89 92 98 106 116 241 648 
700, 4674.434989, 159.000000, 1024, 0.05
83 90 98 102 110 122 133 142 159 701 
700, 4721.590654, 210.000000, 1024, 0.05
70 74 80 90 97 106 117 126 210 866 
700, 4928.510611, 168.000000, 1024, 0.05
75 80 85 90 96 110 122 136 168 714 
700, 5307.049563, 204.000000, 1024, 0.05
70 76 84 93 100 107 119 129 204 585 
700, 5058.282318, 136.000000, 1024, 0.05
75 81 89 97 102 109 114 120 136 687 
750, 5263.146000, 243.000000, 1024, 0.05
82 90 98 105 109 113 119 133 243 633 
750, 4924.302848, 209.000000, 1024, 0.05
85 91 95 101 109 117 126 142 209 704 
750, 5113.635105, 207.000000, 1024, 0.05
81 88 99 108 117 124 131 141 207 596 
750, 4552.308033, 224.000000, 1024, 0.05
79 82 87 92 100 109 119 131 224 1437 
800, 4684.972404, 268.000000, 1024, 0.05
85 95 103 108 113 121 135 152 268 841 
800, 4833.789914, 317.000000, 1024, 0.05
97 105 110 114 117 121 128 145 317 741 
800, 3586.083447, 562.000000, 1024, 0.05
97 106 111 118 126 133 144 170 562 1356 
800, 3976.168091, 408.000000, 1024, 0.05
100 105 114 123 129 136 145 153 408 1044 
800, 5121.665098, 182.000000, 1024, 0.05
85 90 95 101 106 113 121 146 182 734 
850, 4925.383501, 314.000000, 1024, 0.05
100 105 111 117 122 128 135 145 314 730 
850, 5202.304321, 245.000000, 1024, 0.05
99 107 116 125 131 139 145 159 245 549 
850, 4616.843052, 164.000000, 1024, 0.05
101 110 119 124 130 135 140 148 164 799 
850, 5615.717142, 233.000000, 1024, 0.05
88 99 106 112 118 125 131 149 233 528 
850, 5379.261844, 242.000000, 1024, 0.05
86 92 102 110 118 124 134 147 242 571 
900, 4830.887988, 324.000000, 1024, 0.05
108 116 125 130 134 144 155 170 324 747 
900, 4531.386058, 354.000000, 1024, 0.05
94 100 107 115 127 139 147 173 354 965 
900, 4661.996962, 212.000000, 1024, 0.05
93 102 110 118 128 136 147 157 212 904 
900, 4695.815137, 299.000000, 1024, 0.05
119 124 129 134 141 149 160 174 299 709 
900, 5187.520472, 223.000000, 1024, 0.05
95 101 115 130 137 147 153 164 223 607 
5, 2180.314923, 2.000000, 1024, 0.5
1 1 1 1 2 2 2 2 2 27 
5, 2133.967276, 2.000000, 1024, 0.5
1 1 1 1 2 2 2 2 2 29 
5, 2215.716073, 2.000000, 1024, 0.5
1 1 1 1 1 2 2 2 2 40 
5, 1935.805309, 2.000000, 1024, 0.5
1 1 1 2 2 2 2 2 2 320 
5, 1862.079848, 2.000000, 1024, 0.5
1 1 1 1 2 2 2 2 2 594 
50, 4429.145134, 21.000000, 1024, 0.5
4 5 5 6 7 9 10 14 21 133 
50, 2966.134454, 35.000000, 1024, 0.5
4 5 6 7 11 15 20 27 35 117 
50, 4673.995815, 18.000000, 1024, 0.5
4 5 6 7 8 9 11 13 18 142 
50, 3485.940129, 29.000000, 1024, 0.5
4 5 6 7 8 11 14 20 29 183 
50, 4413.060850, 22.000000, 1024, 0.5
4 5 5 6 7 8 10 14 22 97 
100, 3319.571699, 59.000000, 1024, 0.5
9 10 12 15 21 28 35 44 59 268 
100, 3463.455418, 57.000000, 1024, 0.5
7 8 9 11 19 28 36 44 57 296 
100, 3423.237996, 64.000000, 1024, 0.5
8 9 10 12 19 26 32 41 64 202 
100, 3293.897080, 63.000000, 1024, 0.5
8 9 11 13 19 26 37 50 63 280 
100, 3449.047012, 67.000000, 1024, 0.5
8 9 11 13 19 26 32 41 67 186 
150, 3538.892914, 84.000000, 1024, 0.5
13 15 17 20 27 37 49 61 84 285 
150, 3719.842236, 80.000000, 1024, 0.5
12 14 16 19 30 39 48 57 80 270 
150, 2750.252814, 111.000000, 1024, 0.5
13 14 16 19 39 65 84 96 111 262 
150, 3162.977857, 92.000000, 1024, 0.5
14 17 20 23 28 43 56 66 92 303 
150, 4017.542663, 75.000000, 1024, 0.5
13 14 16 20 26 36 47 58 75 198 
200, 3087.924918, 134.000000, 1024, 0.5
19 21 23 26 36 59 83 107 134 387 
200, 2535.202903, 157.000000, 1024, 0.5
18 21 24 31 48 73 118 137 157 439 
200, 3706.515979, 103.000000, 1024, 0.5
15 18 20 23 39 56 71 86 103 325 
200, 3345.738203, 140.000000, 1024, 0.5
18 21 25 30 38 49 64 96 140 274 
200, 3196.327963, 145.000000, 1024, 0.5
17 20 23 27 37 55 79 109 145 264 
250, 2859.440834, 226.000000, 1024, 0.5
21 24 27 31 48 68 102 141 226 497 
250, 3318.342076, 153.000000, 1024, 0.5
22 25 29 34 52 76 97 125 153 330 
250, 3684.929750, 138.000000, 1024, 0.5
21 24 27 33 48 62 83 105 138 340 
250, 3685.780080, 123.000000, 1024, 0.5
23 27 30 37 53 67 79 92 123 346 
250, 2686.033992, 175.000000, 1024, 0.5
21 24 29 40 75 123 144 155 175 341 
300, 3433.534781, 178.000000, 1024, 0.5
26 32 37 43 59 83 110 131 178 402 
300, 3139.961166, 203.000000, 1024, 0.5
26 30 35 43 57 69 106 160 203 528 
300, 3214.317614, 209.000000, 1024, 0.5
27 30 32 37 61 90 119 147 209 375 
300, 3256.458144, 212.000000, 1024, 0.5
25 27 31 37 54 91 130 152 212 399 
300, 3121.310514, 210.000000, 1024, 0.5
28 33 39 52 65 81 110 148 210 377 
350, 3607.463548, 195.000000, 1024, 0.5
30 35 38 48 70 88 115 148 195 500 
350, 3399.799731, 229.000000, 1024, 0.5
32 35 40 46 59 97 117 145 229 441 
350, 2866.802361, 243.000000, 1024, 0.5
31 36 42 55 80 110 166 217 243 463 
350, 3225.507976, 273.000000, 1024, 0.5
30 34 37 42 71 98 135 175 273 402 
350, 2576.006556, 315.000000, 1024, 0.5
33 39 44 50 69 167 191 220 315 439 
400, 2775.274845, 285.000000, 1024, 0.5
36 40 47 58 100 184 222 249 285 411 
400, 2887.451275, 264.000000, 1024, 0.5
36 40 43 50 98 189 219 235 264 374 
400, 3169.322879, 229.000000, 1024, 0.5
41 47 54 65 96 128 165 194 229 439 
400, 3307.269425, 239.000000, 1024, 0.5
36 40 44 52 77 105 140 186 239 502 
400, 2934.316029, 241.000000, 1024, 0.5
36 40 47 63 101 163 207 220 241 541 
450, 3002.999984, 301.000000, 1024, 0.5
44 49 63 77 112 153 182 200 301 821 
450, 3306.229281, 325.000000, 1024, 0.5
43 47 52 57 71 124 159 197 325 436 
450, 2929.392726, 343.000000, 1024, 0.5
39 44 49 57 83 146 189 253 343 725 
450, 2772.742570, 298.000000, 1024, 0.5
48 54 59 71 111 199 232 258 298 584 
450, 2969.648805, 354.000000, 1024, 0.5
42 52 62 76 95 127 156 200 354 723 
500, 3006.100351, 359.000000, 1024, 0.5
43 49 58 68 110 176 222 278 359 667 
500, 3103.584867, 325.000000, 1024, 0.5
52 63 70 82 107 152 191 237 325 557 
500, 3256.442810, 292.000000, 1024, 0.5
44 53 59 66 100 181 210 240 292 500 
500, 3080.693747, 319.000000, 1024, 0.5
46 54 59 75 129 173 194 261 319 567 
500, 2344.321999, 406.000000, 1024, 0.5
50 58 71 82 128 187 223 268 406 1175 
550, 2950.751374, 346.000000, 1024, 0.5
49 69 78 89 129 178 225 254 346 774 
550, 3017.551735, 368.000000, 1024, 0.5
62 71 78 92 118 177 202 260 368 715 
550, 2806.612883, 411.000000, 1024, 0.5
58 64 74 85 160 233 280 307 411 617 
550, 2948.163149, 369.000000, 1024, 0.5
55 66 73 84 154 210 268 329 369 627 
550, 3465.160001, 320.000000, 1024, 0.5
54 58 69 84 101 176 208 241 320 548 
600, 2385.768646, 394.000000, 1024, 0.5
72 78 84 94 157 302 351 366 394 1049 
600, 3208.165146, 394.000000, 1024, 0.5
53 66 69 79 135 214 253 306 394 598 
600, 2799.815969, 516.000000, 1024, 0.5
58 67 78 92 109 247 269 313 516 737 
600, 2887.936728, 398.000000, 1024, 0.5
70 74 82 104 153 220 268 321 398 736 
600, 3417.410126, 359.000000, 1024, 0.5
61 70 75 92 129 197 216 266 359 624 
650, 3155.923370, 396.000000, 1024, 0.5
63 76 94 110 140 225 260 319 396 635 
650, 2960.832233, 428.000000, 1024, 0.5
74 81 98 113 137 221 243 281 428 1057 
650, 3191.417265, 410.000000, 1024, 0.5
72 75 80 86 114 218 286 319 410 673 
650, 2488.264707, 629.000000, 1024, 0.5
67 76 84 93 161 286 365 432 629 735 
650, 2620.413857, 577.000000, 1024, 0.5
70 80 92 103 126 218 288 385 577 1319 
700, 2901.811423, 401.000000, 1024, 0.5
80 91 99 108 133 256 299 339 401 1050 
700, 3067.784897, 427.000000, 1024, 0.5
73 81 95 103 119 229 318 358 427 958 
700, 2903.629524, 503.000000, 1024, 0.5
73 82 87 102 184 237 288 345 503 969 
700, 3342.934933, 414.000000, 1024, 0.5
75 82 88 99 140 206 270 314 414 779 
700, 2853.425476, 433.000000, 1024, 0.5
80 86 97 111 187 264 330 372 433 879 
750, 2776.676450, 475.000000, 1024, 0.5
87 101 113 131 158 282 315 336 475 1079 
750, 2967.118262, 517.000000, 1024, 0.5
81 87 93 114 129 267 316 382 517 861 
750, 2802.380633, 589.000000, 1024, 0.5
88 96 103 110 134 249 384 467 589 800 
750, 2760.864937, 522.000000, 1024, 0.5
85 93 101 118 177 337 402 474 522 795 
750, 3375.316655, 452.000000, 1024, 0.5
85 91 95 116 141 214 263 342 452 653 
800, 3144.485433, 587.000000, 1024, 0.5
84 94 108 125 164 275 311 343 587 746 
800, 2553.514745, 710.000000, 1024, 0.5
113 122 133 144 165 317 363 423 710 1146 
800, 3170.917933, 504.000000, 1024, 0.5
92 105 113 121 130 293 363 411 504 648 
800, 2650.339648, 872.000000, 1024, 0.5
84 94 112 136 159 231 323 434 872 1099 
800, 3232.358901, 567.000000, 1024, 0.5
83 93 99 110 128 235 312 364 567 805 
850, 2883.994941, 488.000000, 1024, 0.5
93 99 105 122 149 303 333 362 488 1077 
850, 2946.352673, 661.000000, 1024, 0.5
89 96 103 120 128 304 395 467 661 884 
850, 2872.873394, 712.000000, 1024, 0.5
88 107 121 131 154 302 340 413 712 1398 
850, 2816.189665, 621.000000, 1024, 0.5
94 106 118 129 178 351 429 459 621 931 
850, 3075.482124, 383.000000, 1024, 0.5
91 106 123 135 149 294 319 339 383 1189 
900, 2712.781715, 705.000000, 1024, 0.5
102 109 116 127 171 364 435 513 705 1087 
900, 2827.534070, 825.000000, 1024, 0.5
105 110 117 142 207 276 342 482 825 1063 
900, 2980.459464, 699.000000, 1024, 0.5
96 104 121 138 166 314 384 435 699 1236 
900, 3062.240775, 559.000000, 1024, 0.5
99 109 118 129 156 330 384 428 559 938 
900, 3466.311940, 514.000000, 1024, 0.5
93 100 104 120 155 303 350 418 514 695 
5, 1899.972241, 2.000000, 1024, 0.95
1 1 2 2 2 2 2 2 2 447 
5, 2144.346972, 2.000000, 1024, 0.95
1 1 1 1 2 2 2 2 2 45 
5, 2068.392313, 2.000000, 1024, 0.95
1 1 1 2 2 2 2 2 2 33 
5, 2128.585144, 2.000000, 1024, 0.95
1 1 1 1 2 2 2 2 2 48 
5, 2115.396931, 2.000000, 1024, 0.95
1 1 1 2 2 2 2 2 2 38 
50, 3316.089841, 25.000000, 1024, 0.95
7 8 9 10 11 12 15 19 25 115 
50, 3028.399575, 24.000000, 1024, 0.95
7 8 9 10 11 14 16 19 24 252 
50, 3668.558904, 22.000000, 1024, 0.95
7 8 9 10 11 12 13 16 22 118 
50, 2227.347894, 38.000000, 1024, 0.95
7 10 13 17 20 23 27 31 38 131 
50, 2234.429567, 41.000000, 1024, 0.95
7 8 9 12 16 21 26 33 41 263 
100, 1979.441828, 76.000000, 1024, 0.95
21 29 35 40 45 50 55 62 76 294 
100, 2410.736812, 67.000000, 1024, 0.95
17 20 22 25 30 36 42 51 67 1183 
100, 2255.315560, 77.000000, 1024, 0.95
17 22 26 29 33 40 48 57 77 1107 
100, 2901.205539, 53.000000, 1024, 0.95
14 19 23 27 30 33 37 42 53 192 
100, 2172.943334, 75.000000, 1024, 0.95
19 25 30 35 40 45 52 59 75 216 
150, 2444.456758, 94.000000, 1024, 0.95
26 34 41 48 54 63 71 80 94 361 
150, 2070.775321, 114.000000, 1024, 0.95
29 37 46 53 61 69 79 90 114 414 
150, 2159.034723, 106.000000, 1024, 0.95
27 33 38 44 50 58 69 86 106 517 
150, 2691.502353, 97.000000, 1024, 0.95
23 28 33 38 47 55 67 79 97 255 
150, 2226.650057, 124.000000, 1024, 0.95
25 32 38 46 53 60 71 90 124 342 
200, 2536.562855, 143.000000, 1024, 0.95
34 41 48 58 66 75 90 105 143 345 
200, 2381.594677, 149.000000, 1024, 0.95
35 46 56 64 73 85 95 112 149 274 
200, 2414.826765, 137.000000, 1024, 0.95
35 44 52 60 67 77 91 110 137 400 
200, 2397.998323, 142.000000, 1024, 0.95
32 43 51 61 71 87 100 116 142 285 
200, 2413.806595, 153.000000, 1024, 0.95
33 40 49 58 68 84 101 117 153 288 
250, 2314.306596, 230.000000, 1024, 0.95
43 52 58 64 76 88 125 165 230 421 
250, 1923.000751, 233.000000, 1024, 0.95
46 66 93 112 127 138 151 171 233 368 
250, 2461.910325, 198.000000, 1024, 0.95
39 48 53 64 76 90 111 144 198 500 
250, 2468.255152, 181.000000, 1024, 0.95
44 54 63 71 81 94 109 140 181 474 
250, 2230.279963, 218.000000, 1024, 0.95
44 55 61 70 83 115 136 160 218 441 
300, 2235.095561, 258.000000, 1024, 0.95
57 66 73 84 97 118 134 181 258 498 
300, 2614.812815, 204.000000, 1024, 0.95
57 63 67 76 90 106 126 165 204 440 
300, 2141.712833, 195.000000, 1024, 0.95
79 103 115 132 142 151 162 175 195 303 
300, 2478.991926, 226.000000, 1024, 0.95
54 66 76 87 101 124 141 162 226 393 
300, 2150.995179, 234.000000, 1024, 0.95
52 69 81 93 129 151 169 191 234 458 
350, 2265.233899, 254.000000, 1024, 0.95
71 88 101 121 140 164 187 220 254 368 
350, 2358.356163, 311.000000, 1024, 0.95
65 76 90 103 114 144 161 184 311 441 
350, 2376.416178, 247.000000, 1024, 0.95
64 87 100 112 129 143 168 200 247 499 
350, 2131.448419, 249.000000, 1024, 0.95
70 89 105 138 159 178 193 219 249 607 
350, 2531.372010, 254.000000, 1024, 0.95
71 80 87 99 121 135 154 182 254 381 
400, 1763.520087, 442.000000, 1024, 0.95
86 110 145 173 205 236 253 293 442 588 
400, 1996.567562, 309.000000, 1024, 0.95
82 103 121 159 187 208 227 268 309 700 
400, 1957.198833, 339.000000, 1024, 0.95
82 108 140 157 182 209 234 264 339 690 
400, 1955.027163, 348.000000, 1024, 0.95
81 106 135 159 176 196 216 242 348 483 
400, 2073.571429, 468.000000, 1024, 0.95
74 85 97 114 134 161 192 270 468 662 
450, 1955.994536, 402.000000, 1024, 0.95
102 122 139 160 189 215 247 288 402 508 
450, 2126.117771, 342.000000, 1024, 0.95
99 118 149 172 196 217 249 295 342 523 
450, 2099.692026, 364.000000, 1024, 0.95
96 114 142 176 209 228 254 302 364 510 
450, 2230.042381, 407.000000, 1024, 0.95
83 99 108 123 144 174 214 265 407 720 
450, 1955.152009, 379.000000, 1024, 0.95
101 129 149 185 216 248 284 317 379 609 
500, 1955.095225, 419.000000, 1024, 0.95
135 158 174 195 209 226 254 353 419 727 
500, 2049.294960, 414.000000, 1024, 0.95
104 137 163 181 216 240 280 332 414 769 
500, 2354.166510, 367.000000, 1024, 0.95
88 120 135 166 189 221 253 314 367 534 
500, 2173.672390, 352.000000, 1024, 0.95
112 136 175 205 225 240 275 314 352 509 
500, 2341.223742, 321.000000, 1024, 0.95
94 113 126 147 175 219 247 280 321 560 
550, 2105.085643, 555.000000, 1024, 0.95
114 159 173 196 215 243 277 331 555 748 
550, 2210.479750, 378.000000, 1024, 0.95
111 137 162 187 208 231 266 314 378 916 
550, 2135.218379, 426.000000, 1024, 0.95
112 142 174 205 236 261 284 334 426 694 
550, 2446.454873, 370.000000, 1024, 0.95
121 137 152 166 196 224 266 324 370 498 
550, 1591.784435, 570.000000, 1024, 0.95
157 215 253 285 306 321 334 355 570 704 
600, 1888.065904, 541.000000, 1024, 0.95
128 189 228 243 267 318 390 424 541 897 
600, 2359.349528, 337.000000, 1024, 0.95
133 194 216 233 254 274 295 315 337 540 
600, 1797.683483, 562.000000, 1024, 0.95
164 239 271 300 318 337 360 387 562 756 
600, 1825.725292, 504.000000, 1024, 0.95
157 210 239 257 274 288 302 402 504 986 
600, 2117.223700, 499.000000, 1024, 0.95
107 138 161 186 218 256 312 389 499 850 
650, 2228.566618, 623.000000, 1024, 0.95
130 156 179 210 238 266 309 364 623 863 
650, 1963.512561, 536.000000, 1024, 0.95
133 181 230 273 313 349 383 455 536 854 
650, 1713.371623, 467.000000, 1024, 0.95
195 254 313 341 364 382 399 425 467 1151 
650, 2165.030462, 547.000000, 1024, 0.95
160 207 224 233 244 260 301 360 547 743 
650, 1916.594724, 578.000000, 1024, 0.95
166 190 220 252 271 289 325 386 578 923 
700, 1936.782097, 505.000000, 1024, 0.95
160 184 228 247 262 301 338 396 505 980 
700, 2051.593475, 445.000000, 1024, 0.95
199 235 256 271 282 296 326 371 445 880 
700, 2169.855717, 512.000000, 1024, 0.95
161 207 247 279 305 337 399 424 512 663 
700, 2291.080550, 440.000000, 1024, 0.95
201 229 246 264 279 295 312 334 440 757 
700, 2182.892478, 500.000000, 1024, 0.95
195 232 259 279 299 327 357 447 500 606 
750, 2144.172316, 484.000000, 1024, 0.95
162 242 280 298 314 335 354 394 484 748 
750, 2191.860968, 588.000000, 1024, 0.95
158 206 257 278 292 323 364 489 588 1025 
750, 2486.895136, 464.000000, 1024, 0.95
168 201 237 253 281 315 363 388 464 616 
750, 1929.238695, 900.000000, 1024, 0.95
157 193 220 284 307 329 368 466 900 1074 
750, 1948.538172, 767.000000, 1024, 0.95
207 243 260 297 317 337 370 532 767 962 
800, 2069.382881, 622.000000, 1024, 0.95
257 290 307 321 332 357 395 428 622 1282 
800, 2009.787818, 532.000000, 1024, 0.95
199 295 310 327 366 391 442 480 532 863 
800, 1882.070857, 886.000000, 1024, 0.95
182 255 293 319 340 405 443 487 886 1081 
800, 2033.148688, 515.000000, 1024, 0.95
213 281 309 336 359 383 416 475 515 1187 
800, 1956.963691, 537.000000, 1024, 0.95
238 306 341 365 383 394 424 467 537 707 
850, 1815.081003, 603.000000, 1024, 0.95
200 260 281 341 408 453 482 531 603 1151 
850, 2045.216306, 443.000000, 1024, 0.95
242 281 309 327 341 352 376 400 443 1604 
850, 1941.440986, 556.000000, 1024, 0.95
268 311 324 350 381 406 428 466 556 694 
850, 2265.857761, 626.000000, 1024, 0.95
184 206 224 254 289 337 376 476 626 1154 
850, 2027.938999, 753.000000, 1024, 0.95
218 260 304 340 364 384 408 461 753 1447 
900, 1756.067562, 843.000000, 1024, 0.95
270 319 346 371 392 427 461 488 843 2193 
900, 2078.956823, 714.000000, 1024, 0.95
263 298 318 341 364 416 466 634 714 923 
900, 1852.279976, 676.000000, 1024, 0.95
172 256 294 328 348 418 450 507 676 1517 
900, 2055.703183, 702.000000, 1024, 0.95
217 259 305 367 400 433 470 505 702 1130 
900, 2286.510091, 621.000000, 1024, 0.95
187 269 306 330 354 386 437 508 621 774 
